0.000000 0.000000
0.228547 0.011344
0.337105 -0.579891
0.546911 -0.898906
0.827146 -1.088490
0.870392 -1.556538
1.462682 -1.609565
1.067336 -1.670973
1.391578 -1.365208
0.663876 -1.327136
1.108666 -1.051618
1.176146 -0.768915
1.105187 -0.994398
0.778186 -1.380004
1.122868 -0.975105
1.195069 -0.663563
1.781225 -0.551430
2.032570 -0.242799
2.030887 -0.469940
2.774517 -0.165042
2.516856 0.145216
2.390445 0.157740
2.633204 -0.091439
2.086803 -0.294313
1.833658 0.047230
1.626755 0.259913
1.451031 0.512231
1.028600 0.760990
1.042910 0.955768
1.035591 0.258404
1.186073 0.363888
1.046549 0.477315
1.058569 0.430963
1.513008 0.565208
1.934283 0.434458
1.828936 0.177724
1.765472 0.263216
1.452390 0.576747
1.359391 0.599649
1.377149 0.283025
0.856121 -0.015511
1.156879 0.337866
0.430614 0.217777
-0.026563 0.529905
-0.597937 0.410002
-0.618670 0.102668
-0.828720 0.125198
-0.807604 0.272157
-0.734411 -0.252432
-0.628137 -0.282122
-0.734623 -0.396639
-0.607263 -0.349711
-0.759557 -0.328645
-0.675479 -0.814338
-0.331073 -0.997394
-0.711817 -0.722516
-0.920640 -0.437925
-0.774594 -0.761148
-0.620939 -0.526499
-0.254472 -0.464239
-0.219043 -0.619506
0.121765 -1.116451
0.304054 -1.865515
0.054570 -1.785250
0.008707 -1.692216
-0.346912 -1.524466
-0.070214 -0.928785
-0.010896 -1.581505
0.438841 -1.657864
1.039808 -2.081194
1.103952 -2.039984
0.762235 -2.436830
0.599367 -2.493195
-0.101090 -2.628461
-0.393133 -2.870292
-0.253992 -2.199952
-0.060529 -1.786184
-0.826030 -1.576897
-0.755736 -1.923695
-1.024267 -2.145108
-1.697594 -2.003658
-1.653952 -2.146449
-2.027168 -1.553780
-1.984466 -1.520294
-2.340481 -1.709227
-2.450303 -1.882819
-2.327652 -2.617633
-2.234156 -2.659598
-2.608126 -2.645775
-2.669472 -2.486045
-2.160892 -2.877608
-1.664185 -3.060480
-1.260888 -3.202539
-0.943719 -3.403452
-0.420792 -3.424904
-0.538600 -3.194338
-0.720806 -2.926279
-0.586375 -2.955517
-0.077993 -3.059962
0.086068 -3.122898
0.137177 -3.212445
0.387195 -3.061050
-0.109863 -2.731137
-0.041356 -2.523077
-0.482234 -2.962960
-0.262527 -2.665884
-0.920478 -2.484758
-1.349736 -2.395047
-1.662831 -2.061259
-1.648791 -2.045207
-1.897203 -2.223008
-1.503043 -2.225544
-1.294834 -2.416809
-1.312397 -2.034108
-1.185763 -2.275870
-1.056038 -2.428894
-1.449212 -2.110289
-1.551901 -2.194658
-1.725809 -2.117122
-1.769922 -1.985875
-1.439712 -2.363231
-1.525663 -1.891180
-1.797696 -1.902379
-2.231774 -2.318077
-2.286568 -2.264959
-3.021329 -2.203793
-2.458826 -2.189619
-2.407143 -2.288491
-2.398076 -2.519991
-2.298330 -2.849756
-2.284972 -3.287396
-2.434349 -2.771794
-1.901800 -2.707498
-1.699221 -2.749153
-1.585698 -2.993961
-1.633148 -3.021100
-1.617333 -3.157559
-1.786148 -3.186622
-1.520840 -3.330594
-1.245875 -3.575994
-1.007896 -3.756160
-0.650080 -3.233643
-0.880900 -3.447747
-1.040001 -3.608916
-1.209264 -3.500475
-1.287677 -3.435892
-1.391114 -3.511444
-1.318909 -3.644568
-1.313158 -2.649464
-1.160472 -2.675013
-1.396140 -2.892236
-2.060652 -3.921710
-1.708575 -3.891583
-1.379345 -4.519946
-1.575761 -4.511077
-2.221228 -4.041494
-2.237554 -3.466446
-1.834047 -3.239927
-1.645125 -3.401202
-1.474991 -4.337309
-1.759906 -4.278803
-1.981748 -4.140114
-1.967813 -3.827378
-1.869065 -3.313267
-1.763873 -4.287920
-1.612065 -4.206344
-2.405134 -4.377083
-2.818642 -4.132215
-2.875607 -4.721765
-2.875742 -4.242878
-2.828728 -4.214393
-2.657143 -4.198232
-2.363790 -4.552077
-1.647960 -4.233949
-1.446519 -4.212381
-1.107780 -4.125874
-0.850077 -4.409086
-0.552223 -4.749265
-0.742054 -5.209136
-0.647285 -4.712772
-1.360555 -4.495131
-0.990768 -3.979677
-1.078021 -3.766307
-1.260101 -3.912744
-0.781397 -3.723623
-0.752368 -3.769439
-0.582755 -3.781015
-1.347952 -3.376525
-1.100579 -3.879828
-1.303068 -4.069235
-1.205982 -3.836360
-0.925109 -3.364566
0.012257 -3.206647
-0.296654 -2.938472
0.124359 -2.965565
-0.227135 -3.363613
-0.609975 -3.290344
-1.242750 -3.373428
-1.488229 -3.670937
-1.848650 -4.169169
-1.644513 -3.872142
-1.297105 -3.941418
-1.193218 -3.990946
-1.403767 -4.184922
-1.411125 -3.922155
-1.535574 -3.546297
-1.661639 -3.418738
-2.180001 -3.300835
-1.980485 -3.196325
-2.564839 -3.086744
-2.375598 -2.777555
-2.285299 -2.516555
-2.212739 -2.274556
-2.542855 -1.728578
-2.866887 -2.210146
-2.736166 -2.572860
-2.110355 -2.659852
-2.262836 -2.264449
-1.956721 -2.317729
-2.493717 -2.149173
-2.132015 -1.764693
-2.332034 -1.724396
-2.415771 -1.971576
-2.400447 -2.473919
-2.190157 -2.552046
-2.145386 -2.555822
-2.181967 -2.566358
-2.196626 -2.362833
-2.346011 -3.021813
-1.345470 -3.068252
-1.251336 -3.259329
-1.476136 -3.513326
-1.247241 -3.794760
-0.633986 -3.816502
-1.045896 -3.545071
-0.700666 -3.044008
-0.444756 -3.382608
0.047140 -3.890820
-0.124561 -3.816072
-0.414269 -3.470618
-0.154433 -3.799673
0.378987 -3.957485
0.487665 -3.464928
0.303970 -3.938043
0.323100 -4.487062
0.115211 -4.882680
-0.329328 -4.988410
-0.137020 -4.517672
-0.316490 -4.926967
-0.097674 -5.161295
0.496202 -5.138965
0.560245 -5.206006
0.901043 -5.026643
0.507026 -5.232838
0.674571 -5.491965
1.150301 -5.917321
1.052430 -5.982157
1.020008 -5.895801
0.766043 -5.211451
1.242481 -5.171009
1.401445 -5.149572
0.964368 -4.908524
1.033093 -4.628689
1.564430 -4.578453
1.287131 -4.755320
1.806589 -4.329037
1.802125 -4.266724
1.260160 -3.961177
0.925044 -3.510655
1.273425 -3.733102
0.607391 -3.609608
0.953621 -3.540662
1.204114 -3.822357
0.716267 -3.729261
0.576956 -3.410567
0.620881 -4.141166
0.497976 -4.009442
-0.066131 -3.896428
0.572933 -4.317056
0.238558 -4.497859
0.574137 -4.635676
0.627484 -5.006985
1.124629 -4.691112
0.649566 -4.358351
0.802463 -4.167682
0.608912 -4.661140
0.333577 -4.709921
0.290820 -5.226312
0.037437 -5.661077
-0.228218 -5.826193
-0.360555 -5.488482
-0.246676 -5.343738
0.300222 -5.537717
0.801764 -5.616483
1.018989 -5.841993
0.674296 -5.926871
0.661947 -5.988758
0.572753 -6.036249
0.548797 -6.035588
0.758099 -6.377467
0.595725 -6.273733
0.850315 -6.051445
0.944195 -6.121853
1.415754 -6.199767
1.488769 -6.123672
1.408767 -6.223126
1.298806 -5.776926
1.547931 -5.754630
1.238393 -6.074278
1.215538 -5.865296
0.950135 -5.552087
1.144373 -5.312826
0.982036 -4.995428
1.860572 -5.356754
1.843462 -5.210815
2.144730 -4.982019
1.736306 -5.352821
1.601700 -5.044202
1.589609 -5.278396
1.845668 -5.557229
1.741656 -5.837704
2.091632 -5.352786
2.106501 -5.231986
1.849075 -4.494996
1.248796 -4.839001
1.419672 -4.785725
1.627841 -4.981328
1.579796 -5.050015
1.393755 -4.558751
0.952158 -4.529837
1.434532 -4.015125
1.536019 -4.031127
1.321358 -4.435818
0.915672 -4.191649
0.705275 -4.489013
0.139011 -3.951640
-0.013563 -3.527829
0.162436 -2.833776
0.327052 -2.845337
0.590668 -2.658988
0.290058 -2.694986
0.486920 -2.645647
0.382292 -2.234203
0.215296 -2.321478
0.964655 -2.150888
1.016462 -2.056097
1.525607 -2.252348
1.466069 -1.970321
1.353046 -1.785790
1.154648 -1.923912
1.120952 -1.952480
1.045861 -1.508770
1.279269 -1.549565
1.626038 -1.245693
1.696663 -1.531046
1.623051 -1.884968
1.668895 -2.170193
1.498091 -2.103748
1.383393 -2.190888
1.623547 -1.922868
1.022180 -1.619269
0.876842 -1.207400
0.986925 -1.490128
1.581718 -1.323990
1.211971 -0.893884
1.276404 -1.023567
0.936923 -0.972254
1.375175 -1.491585
1.065777 -1.189675
1.466598 -0.806843
1.289897 -0.483180
1.047514 -0.397642
1.150212 -0.522487
1.289505 -0.012939
0.790047 -0.431051
0.468210 0.230407
0.458673 0.244456
0.758462 -0.114291
1.039897 -0.112880
1.135539 0.475713
1.565693 0.514930
1.663039 0.782272
1.884056 0.716703
2.020900 0.829997
1.876187 1.090113
1.931085 0.868393
2.136509 1.156737
1.907589 0.552358
2.033496 0.059112
2.321205 0.381428
2.394142 0.682032
2.361839 0.100219
1.655138 0.111386
1.783709 0.647707
1.686155 0.738152
1.504814 0.933729
2.114529 1.029244
2.138681 1.084351
1.829041 1.048450
2.087956 1.041272
1.770459 1.372175
1.550502 1.365848
1.733766 1.372098
1.655873 1.275762
1.427957 1.251622
1.596047 1.424534
1.453934 1.481226
1.840181 1.515938
1.371980 1.741286
1.549574 1.501206
1.527086 0.943499
1.902511 1.290778
1.593456 1.428431
1.385542 1.393704
1.632293 1.749330
1.475755 1.785789
1.442489 2.282426
1.786061 1.980259
1.762624 2.128457
1.961997 1.838885
2.240036 1.525058
2.178196 1.557260
2.375770 1.850438
2.562255 1.652655
2.348779 1.717069
2.244318 1.998032
1.413436 2.387075
1.384668 2.691608
0.955114 2.860261
1.005479 3.431700
0.821005 3.876307
0.557493 3.917848
-0.010462 3.692291
0.183262 3.838029
0.324009 4.059166
0.804923 3.612321
0.941025 3.532381
0.601950 3.172994
0.424339 3.507605
0.427653 3.020544
0.394064 2.487901
0.546266 2.305057
0.734322 2.339565
0.729190 1.805030
0.392217 1.541199
0.601842 1.449788
0.413554 1.849493
0.389745 1.536069
0.149888 1.651483
-0.191377 1.769377
0.140796 1.684849
0.328410 2.306638
0.241782 2.228810
0.042900 1.947375
0.132889 1.658440
0.302634 1.650986
0.555692 1.679726
0.908122 2.089292
0.339632 2.043196
0.028177 2.180330
-0.457755 2.548769
0.228578 2.843933
0.395411 3.140451
0.013499 3.671152
0.046525 4.172422
-0.026006 4.817440
-0.495174 4.572728
-1.040086 4.297103
-0.329312 4.498234
-0.294748 4.635101
-0.203063 4.598275
-0.557251 4.834668
0.036418 5.591807
0.243034 5.603641
0.027994 6.046323
0.687167 6.274026
1.252921 6.435701
0.797621 6.522021
0.323629 6.301307
0.311345 6.475674
0.175843 7.068283
0.336481 6.848518
0.551505 6.892550
1.154718 6.882175
1.332695 6.511504
1.528333 6.978786
1.529627 6.678661
1.732735 6.539982
1.723322 6.495077
1.901701 6.008858
2.233551 5.812528
2.282006 6.141012
2.692731 6.508008
2.610258 6.484260
2.203891 6.278873
2.076565 6.175675
2.756566 6.544881
2.620841 6.542367
2.564591 6.241406
2.641521 6.015626
2.903743 6.374382
2.578839 6.657994
2.601486 6.572874
2.930050 6.285157
3.210490 6.413517
3.563513 6.747528
3.822696 6.521484
4.370109 6.493079
4.176472 6.574062
4.298303 6.642673
3.707024 6.352714
4.017800 5.837204
4.095081 5.848918
4.201888 5.383297
4.576564 5.115254
4.731860 4.824545
5.066707 4.707677
5.140039 5.379054
4.673922 5.232127
4.846502 5.464335
5.136617 5.114939
5.187275 5.084013
5.475439 4.825171
5.457962 4.794949
5.247185 4.929851
5.485921 4.930183
5.520707 5.071881
5.319427 5.164770
5.418727 5.069844
5.088693 5.091198
4.822101 5.156639
4.642103 5.352251
4.080411 5.247112
3.829348 4.948193
4.179151 5.258198
4.522350 5.704699
4.577351 5.622037
4.735222 5.951566
5.103529 5.955745
5.208875 6.077675
5.282394 5.787038
5.717200 5.752200
5.602285 5.536247
5.835950 5.863646
5.698332 6.269566
6.204416 6.103121
6.147638 5.906003
6.240267 5.465491
6.287408 5.371626
6.205683 5.211218
6.210453 4.788696
5.953633 4.912228
6.010255 5.492363
6.264367 5.396542
6.061020 5.089989
5.881575 4.912053
5.865158 4.776616
6.270215 4.155971
6.313748 4.102626
6.321077 4.129949
5.854428 4.185434
5.614463 4.213254
5.662867 4.112374
5.286174 4.310482
5.105392 3.970984
4.820733 3.457844
4.978117 3.207756
5.362492 3.402306
5.473444 3.336397
5.141429 3.206831
5.062109 3.119908
4.817469 3.339462
5.291181 3.469619
5.014530 3.009402
5.222890 2.940633
5.200459 2.984889
5.063839 3.505448
5.554076 3.118019
6.142939 3.626671
6.330553 3.461141
6.291335 3.091842
6.149387 3.070165
6.540987 2.907630
6.048953 2.914316
5.600580 2.742833
5.795625 2.547079
6.342324 2.287102
6.437319 2.182134
6.256091 1.876931
6.197991 1.758285
5.646044 1.074117
5.485049 1.013045
5.750833 1.295464
5.201705 0.969615
5.467374 1.089603
5.136790 0.982506
5.140002 0.982747
4.782846 0.961484
5.639115 1.496244
5.192302 1.973229
5.578851 1.961752
5.203301 2.572278
5.424497 2.107606
5.730331 1.980211
5.899990 2.122194
5.659973 1.886936
5.692442 2.300425
5.679250 2.283619
5.924847 2.349330
5.536500 2.568655
5.414766 2.929301
5.722208 2.943077
5.650677 2.888339
6.110922 2.798819
6.211481 2.966510
6.138530 2.781792
6.235983 2.918736
6.501622 2.873234
6.807178 2.714742
7.247028 2.851687
7.639940 2.485404
8.038909 2.848206
8.359171 3.339674
8.626583 3.417400
8.297261 3.869727
8.131375 3.444380
8.187595 3.355532
8.138894 3.319065
7.953007 3.555902
8.234607 3.398650
8.030626 3.366836
7.887550 3.538323
8.031283 3.746678
8.508568 3.476990
8.595585 3.456242
8.621108 3.223202
8.678182 3.551734
8.487702 3.404357
8.292349 3.337812
8.371376 2.765498
8.398846 2.978266
8.845850 3.189391
9.819810 2.914583
9.648290 3.075079
9.952233 3.533459
10.289933 3.545299
10.349676 3.250121
10.080639 3.217802
9.775175 2.911301
9.772562 2.882178
10.034523 2.487322
10.148636 2.322329
9.707168 2.247994
10.070663 2.333203
9.538314 2.039619
9.002546 1.719745
8.948931 1.622701
9.017532 1.972972
9.015408 2.075429
9.054441 2.502201
8.890015 2.430646
9.012179 2.746645
9.032264 2.385959
8.437354 2.725125
7.533307 2.756092
7.278297 2.801689
6.583641 3.671812
6.718723 3.021574
6.938948 2.894016
7.010802 3.363663
7.008634 3.613540
6.793201 3.607341
7.139978 2.979411
7.432095 2.683342
7.120581 2.837910
6.955618 2.591866
6.681790 2.528354
6.783745 2.543671
6.902989 2.630725
7.060613 2.628649
6.617336 2.867059
6.560562 2.897490
6.941593 2.982369
6.770869 3.228508
6.292326 3.604926
6.410211 3.484099
6.347062 3.340443
6.387183 3.555918
6.378230 4.533482
6.337944 4.416955
6.137700 4.578553
6.531359 4.481560
6.378893 4.295831
5.779707 5.098306
6.003020 5.507034
5.292733 5.295824
5.201748 5.125585
4.971855 5.190919
4.365928 4.985510
4.252791 5.427791
4.328801 5.542205
3.834797 4.889535
3.449488 4.663523
3.609540 3.909023
3.498903 4.385378
4.002616 4.419647
3.788172 4.699658
3.752757 4.258822
3.621568 4.329340
3.460209 3.880831
3.979754 3.974511
4.197485 4.397440
3.947972 4.493950
3.906537 4.853441
3.858133 4.761250
3.581321 5.418278
3.321320 5.356568
3.733613 5.185199
3.774605 5.133110
3.882469 4.880614
3.502236 5.317224
3.045210 5.101908
2.608745 4.858772
2.376847 5.004997
1.967390 4.501931
2.376735 4.050215
2.171488 3.521057
2.348138 3.557368
1.926244 3.510160
1.997509 3.749240
2.193899 3.913744
1.772905 3.803494
1.964487 3.829848
1.812931 3.987325
1.768143 4.083039
1.459598 4.152595
1.443899 4.409480
1.692640 4.920981
1.850703 5.049137
2.180668 4.995930
2.760657 5.146514
3.101697 6.029947
2.932572 5.635914
3.039416 5.922086
3.109037 5.693673
2.250992 5.892224
2.526257 6.550460
2.583176 6.938160
2.645245 7.415682
2.607176 7.639180
2.475826 7.832695
2.143050 7.738589
2.303996 7.196860
2.590304 7.439213
2.407065 7.697095
2.040711 7.726448
2.131313 8.021849
1.937656 7.994652
2.105424 7.943065
2.381902 8.087428
2.901514 8.316120
3.969931 8.786821
4.133090 9.016165
3.863946 9.202410
3.734376 9.141322
3.954770 8.912304
3.956666 8.828111
3.752255 9.016464
3.403442 8.888480
3.785867 9.332386
4.409645 9.301866
4.714539 8.960758
4.260796 9.165815
3.841859 8.804379
4.320918 9.446627
4.649821 10.186255
5.061971 10.401037
5.182474 10.582007
5.156091 10.388937
5.084650 11.220527
5.193511 11.729857
4.682922 11.392806
4.547186 11.621076
4.246927 12.156270
4.352939 12.049779
4.329534 11.912710
4.422543 12.293893
4.281650 12.246777
4.492114 11.880331
4.745143 11.840461
4.571655 11.806894
4.472521 11.606382
4.577697 11.717392
4.647125 11.600547
4.894447 11.836821
4.616799 11.333092
4.417262 10.451956
4.735371 10.632853
4.749137 11.012757
4.664743 10.759488
4.796519 10.869112
4.352297 10.410776
4.189608 10.789030
3.762473 11.013298
3.434935 10.723793
3.128386 10.840205
3.404634 10.719598
3.270871 10.603180
2.871805 10.424229
2.715646 9.956839
2.774489 9.618900
3.062141 9.287155
3.165369 9.270247
2.947949 9.173848
3.197786 9.184656
3.306229 9.349678
3.823073 9.567362
4.057414 9.320526
4.326867 10.110295
3.843259 10.518956
3.635870 10.292808
3.035416 10.116904
2.780194 10.210094
2.408482 9.217782
2.128715 9.432711
2.100397 9.680258
2.142749 8.711162
1.739529 8.984689
1.930880 9.273033
2.220379 9.056994
1.902054 9.147122
1.106379 8.934635
1.847495 8.719132
1.322002 8.412640
0.819820 7.974332
0.829111 7.998784
0.977057 7.734252
1.278170 7.660002
1.235586 7.396462
1.310249 7.648025
1.489545 8.113822
1.638911 8.346798
1.753727 8.276008
1.823645 7.861581
1.637227 7.630466
1.459878 7.129141
1.406375 6.472258
1.160650 6.334697
1.111369 6.751518
1.448356 6.825277
1.220100 6.586888
1.252304 6.868743
1.136848 6.895286
1.161258 6.917730
1.141379 7.384914
1.140799 7.796456
0.926603 8.385666
1.148458 8.300154
1.372633 8.249561
1.067816 8.177417
1.234679 8.096137
1.264454 8.272446
1.435998 8.705236
1.103253 9.236129
0.700645 9.368183
1.072493 9.894247
1.528922 9.444741
1.295695 9.651085
1.468096 9.668588
1.409744 9.275449
0.826906 9.129611
1.339005 9.148897
1.535306 9.024576
1.598290 9.233830
1.982456 9.051562
1.888157 8.696165
2.249735 8.723651
2.654987 8.509305
2.360258 8.419474
2.687687 8.349593
2.960090 7.885556
3.369939 7.867113
3.810237 8.100123
4.223748 7.781881
4.592681 7.581714
4.154982 8.050492
4.449679 7.742311
3.710930 7.723310
3.487452 7.540789
3.659246 7.552620
3.521779 7.492345
3.213506 7.388503
3.125958 7.450347
3.343372 7.195780
3.555847 7.030095
3.727864 7.153445
3.210879 7.110015
3.533606 7.298989
3.265517 7.626685
3.099950 7.453634
2.867035 6.892796
2.820294 6.921770
2.712868 6.661983
2.841887 6.614093
2.697879 6.195230
2.946239 6.464558
3.209209 6.623989
2.900558 6.310216
2.298187 7.124045
2.629018 7.671668
2.880240 7.986000
2.653232 8.224830
3.205205 8.021414
3.254778 8.083140
2.754589 8.346729
2.649617 8.714821
1.401936 9.202485
1.353832 9.426656
1.400466 9.491952
0.808545 9.471544
1.015801 9.354813
0.537726 9.128436
1.249183 9.569729
1.430900 8.871732
1.773095 8.743845
2.028070 8.363894
2.000529 8.424023
2.248821 8.213940
2.826210 8.038366
2.521647 7.984888
2.319667 8.218578
2.103135 7.933579
1.985107 8.130357
1.746932 8.222223
1.851963 8.070181
1.245720 8.086835
1.341462 8.327050
1.040360 8.583827
1.015731 8.927533
0.882061 9.032091
1.452384 8.896398
1.381993 8.190508
1.243518 8.308394
1.513561 8.895070
1.460710 8.829913
1.122666 8.787273
1.054025 9.179096
1.510840 9.285809
1.650097 8.970498
1.277641 9.054925
1.004417 8.172844
1.381262 7.694659
1.447118 7.899782
1.601936 8.056924
1.365108 7.831496
1.144548 7.925313
1.375020 8.026298
1.117611 8.662825
1.278652 8.349180
0.633869 8.298058
0.470810 8.138966
0.656341 8.372127
0.760346 8.291910
0.528011 8.951796
0.215852 8.885644
0.549404 9.444165
0.373264 9.833992
0.859955 10.096243
0.832293 9.799277
1.459037 9.611305
1.369510 9.702249
1.610901 9.668452
1.657990 9.511519
1.745729 9.211241
2.192641 8.869041
2.943433 8.961319
3.278077 8.571898
3.299507 9.283307
4.076170 9.313404
4.867311 8.832196
4.781390 8.483810
5.111264 8.510809
5.181670 8.992225
4.598477 8.780659
4.943169 8.881361
5.002181 8.702595
4.912851 8.839761
4.435836 9.179859
4.406201 9.034639
4.318377 8.641344
4.041308 8.366746
4.698641 7.755933
4.719839 7.470064
4.884213 7.239275
4.823632 6.623843
4.353469 6.287898
4.832161 6.893334
4.467380 7.019634
4.832705 6.888610
4.723095 7.098733
