0.000000 0.000000 0.000000
0.566193 0.395441 -0.626622
0.102260 0.752050 -0.612031
-0.003008 0.888815 -0.361112
0.045185 0.700605 0.093239
0.729514 0.277303 0.057119
0.181857 -0.006529 0.123018
0.530199 -0.520000 -0.032409
0.334637 0.249100 -0.170831
0.488075 0.020088 -0.041726
0.540357 0.168773 -0.235803
0.413014 0.024574 -0.360923
0.910279 -0.412200 -0.243942
1.037472 -0.273839 -0.265835
1.017143 -0.091876 -0.718550
1.227663 -0.533318 -1.281134
1.376175 -0.498073 -1.110480
1.545403 -0.572140 -1.406719
1.650485 -0.520592 -0.834226
1.438980 -0.579120 -0.752428
1.644038 -0.162302 -1.068567
1.336799 -0.512057 -0.602285
1.002461 -0.423405 -0.285519
1.119391 -0.456654 -0.317241
0.953304 -0.499283 -0.108136
0.861840 -0.500434 -0.379377
0.817014 -0.598948 -0.490242
1.030997 -0.568570 -0.544453
1.300106 -0.884495 -0.840401
1.169814 -1.027443 -1.195368
1.434873 -1.548407 -0.892941
2.229575 -0.970909 -0.471584
2.149630 -1.364006 -0.601781
2.150107 -0.965602 -0.450414
2.171980 -1.347740 -0.915804
2.475860 -1.385959 -0.409028
2.428228 -1.540317 -0.866786
2.322988 -1.935953 -0.574490
2.270632 -1.773630 -0.618804
1.992570 -2.529393 -0.788994
2.004605 -2.903474 -1.506587
2.101569 -2.775125 -1.129898
2.066171 -2.926499 -0.869584
2.260622 -2.950695 -1.086709
2.218818 -3.213034 -1.239374
2.188935 -2.795438 -1.056118
2.518768 -2.884526 -0.935654
2.603478 -2.579374 -0.958958
2.543850 -2.767499 -0.882416
2.271649 -3.012477 -0.360850
2.548207 -2.909405 0.163978
2.548577 -2.984808 0.332506
2.259212 -2.483860 0.632930
2.257934 -2.542179 0.331452
1.999052 -3.008988 0.574171
1.807274 -2.807803 0.328714
2.018519 -3.199053 0.655889
1.867530 -3.587961 0.811790
2.287799 -3.041269 0.678513
1.868326 -3.795948 0.589508
2.183297 -3.839632 0.728872
2.118894 -3.253032 0.377838
1.981718 -3.702749 0.692268
1.540880 -3.828068 0.630631
1.643831 -3.732267 0.336578
1.604118 -3.646448 0.031472
1.521129 -3.141860 -0.416423
1.246389 -2.595588 -1.031831
1.083131 -2.588685 -1.033605
1.919556 -2.186028 -0.943804
2.288496 -2.178337 -1.016732
2.260736 -1.949128 -0.794231
1.957645 -1.749673 -1.167002
1.771479 -1.688807 -0.781241
2.149246 -1.826037 -0.658681
1.882364 -2.491788 -0.403372
1.717438 -2.786125 -0.671811
1.731662 -2.635750 -1.082004
1.601107 -2.902346 -1.164922
1.707934 -2.911918 -1.236662
1.850970 -3.380946 -1.104069
1.925886 -2.927895 -0.876987
1.814183 -2.936416 -0.947081
2.106525 -2.949488 -0.577038
2.165721 -2.906076 0.027499
1.809202 -3.025178 0.140244
2.029264 -2.958784 0.642491
1.776487 -2.600871 0.632660
1.507252 -2.558805 0.775715
1.305054 -3.131223 0.802618
1.504051 -3.320697 0.461299
1.859255 -3.124297 0.563232
0.798687 -3.541795 1.005944
0.221932 -3.316650 1.426858
0.921280 -2.994255 1.540530
0.740581 -2.723181 1.637936
0.821303 -2.945436 2.199279
1.342278 -3.338384 2.169723
1.124560 -3.249392 1.898041
0.859663 -3.155549 1.580557
1.699915 -3.239303 1.490124
1.549489 -2.970141 1.517118
1.656372 -3.030340 1.206387
2.107022 -3.455017 0.907099
2.064026 -3.682889 0.648988
1.479215 -3.351295 0.096229
1.819834 -2.734694 0.649111
1.962243 -2.736740 0.452753
1.366842 -2.456969 0.520556
1.352969 -2.501160 0.279821
1.021801 -2.006412 0.016738
1.441927 -2.376930 -0.461784
1.861838 -2.463691 -0.256123
2.019996 -2.352217 -0.713451
1.948273 -2.438824 -1.109540
2.125959 -3.035083 -1.182375
2.193766 -3.286766 -1.126290
2.925237 -3.236196 -1.588033
3.063515 -3.701461 -1.651908
2.947463 -3.178068 -2.366510
2.518411 -3.685274 -2.347549
3.062029 -3.218168 -2.372128
2.785887 -3.416321 -1.851223
2.914657 -3.361388 -1.951266
2.712463 -4.083511 -1.467188
2.554001 -3.887196 -2.501622
2.767672 -3.977422 -1.998851
2.692253 -3.925857 -2.583089
2.897746 -3.880968 -2.604319
2.517511 -4.207041 -2.603813
2.661481 -3.929996 -2.611826
2.838024 -3.786050 -3.014231
2.127903 -4.178065 -3.478162
2.224002 -4.447129 -3.687747
2.195602 -5.358231 -3.480297
1.739736 -5.577152 -3.441754
1.708673 -5.566090 -3.622190
1.486817 -5.353944 -3.489268
1.754702 -4.849304 -3.320056
1.359770 -5.265325 -3.198702
1.683540 -4.884484 -2.973311
1.545348 -4.785054 -3.191235
0.946794 -4.330377 -2.831564
1.095747 -4.230770 -3.036393
1.270505 -4.138989 -3.035260
1.350384 -3.989684 -3.173878
1.371977 -3.886268 -3.482594
1.230456 -3.865328 -3.828085
1.115036 -3.630517 -3.658817
1.594935 -3.322798 -3.605022
1.484917 -3.280587 -3.883319
1.110231 -3.169089 -3.725410
0.916301 -3.102098 -3.243698
1.102733 -3.321335 -3.065580
1.024720 -3.226805 -3.151702
0.982320 -3.633078 -2.502070
0.410572 -3.871631 -2.664664
-0.030442 -3.860677 -2.100088
-0.220080 -3.942635 -2.168549
0.474831 -3.689387 -1.524420
0.753394 -3.283807 -1.811710
0.757755 -3.393613 -2.405881
0.658794 -3.434035 -1.999162
0.906232 -3.112471 -2.291466
0.752187 -3.003431 -2.466166
0.799254 -2.994455 -2.696902
0.718003 -3.247403 -2.990075
0.863096 -3.126891 -2.868564
0.498664 -3.008555 -2.594077
0.583802 -2.702007 -2.878610
0.400327 -3.052114 -2.663839
-0.333699 -3.045392 -2.098298
-0.504821 -3.310806 -1.948747
-0.315882 -3.140840 -2.139444
-0.162168 -3.650840 -2.135522
0.166012 -4.204078 -1.963919
0.274657 -4.653561 -2.682033
0.063314 -4.557938 -2.694257
0.206196 -4.326065 -2.618361
-0.375529 -4.355967 -2.870806
-0.549099 -4.426887 -2.850970
-1.147933 -5.215982 -2.750693
-1.262150 -5.265594 -2.795801
-1.475648 -5.197733 -2.979591
-1.490448 -5.067490 -2.681252
-1.734152 -5.394400 -2.598680
-1.619710 -5.081506 -2.906285
-2.458812 -5.065405 -2.756604
-2.497341 -5.437470 -3.148868
-2.502779 -5.597885 -3.759045
-2.601261 -5.588037 -3.663933
-2.512316 -5.922341 -3.566116
-2.488074 -5.947636 -3.826555
-2.385705 -6.091115 -3.840516
-2.552172 -5.868042 -3.961336
-2.920631 -5.979429 -3.551547
-2.567997 -6.050601 -3.996185
-2.302265 -5.629890 -4.007843
-2.179802 -5.793752 -4.176584
-2.174396 -5.598678 -4.806100
-2.352682 -5.662119 -4.609095
-2.487579 -5.657254 -4.387758
-2.755550 -5.323359 -4.225015
-2.472291 -5.362216 -4.148585
-2.216093 -5.432106 -4.752898
-2.028060 -5.509465 -4.687647
-1.788606 -6.088306 -4.367379
-1.499148 -5.820120 -4.270839
-2.110087 -5.203865 -4.329268
-2.391992 -5.005684 -4.431196
-2.662846 -5.319545 -4.061339
-2.905408 -5.317829 -4.562814
-2.999690 -4.915830 -4.761289
-2.822947 -4.838246 -4.673092
-2.840366 -4.748295 -5.334351
-3.400203 -5.454317 -5.349049
-2.946764 -5.503748 -4.798664
-3.196598 -5.367330 -5.098545
-3.330413 -5.879442 -4.972333
-3.567780 -5.713468 -5.606470
-3.764023 -5.768407 -5.614874
-3.516271 -6.029163 -5.297768
-3.330197 -6.250305 -4.811374
-3.223062 -5.983900 -5.310680
-3.812554 -6.151129 -4.873136
-3.863755 -5.757345 -4.785896
-4.154315 -6.074055 -5.255992
-4.477069 -6.167317 -5.218254
-4.465240 -6.261994 -5.133400
-4.384680 -6.195232 -4.863777
-4.509689 -6.000842 -4.943970
-4.057455 -6.337608 -5.203712
-5.161026 -6.318089 -4.596898
-5.085569 -6.207205 -5.132856
-4.548812 -6.123436 -5.162780
-4.562551 -6.365437 -5.218034
-4.150726 -6.592832 -5.607264
-4.681225 -6.431370 -4.992068
-4.592144 -6.504450 -4.841496
-4.150532 -7.040577 -4.715524
-4.662327 -7.025683 -4.782084
-4.763432 -7.093990 -4.379899
-5.308578 -6.671643 -4.783263
-5.867684 -6.440583 -5.557577
-5.832640 -6.268814 -5.273401
-5.572009 -6.332497 -4.866787
-6.322719 -6.390741 -4.417521
-6.525019 -6.232574 -4.419752
-6.753615 -6.604114 -4.134139
-6.799766 -6.291875 -3.748320
-6.436945 -6.357726 -3.160310
-6.202335 -6.061099 -3.050524
-6.726577 -6.427069 -3.083573
-7.277935 -6.383490 -3.206193
-7.337911 -6.424896 -3.215621
-7.083538 -7.031311 -3.176818
-6.996402 -6.598511 -3.082221
-7.068470 -6.539365 -3.169646
-6.993049 -6.109970 -2.980643
-7.314169 -6.189571 -2.814494
-7.054820 -6.214861 -3.180537
-6.964455 -6.338987 -2.372613
-6.641172 -6.736350 -1.739535
-5.987529 -6.856516 -1.137857
-6.042382 -7.270142 -1.662939
-6.126459 -6.970887 -1.265840
-6.423538 -6.965197 -1.022377
-6.520005 -7.047160 -0.794572
-6.465363 -7.478881 -0.921346
-6.523482 -7.509430 -0.492571
-6.945648 -7.363824 -0.539600
-6.900264 -7.158328 -0.912197
-7.006090 -6.961029 -1.415479
-7.056976 -6.533392 -1.440504
-7.170642 -7.250781 -1.587367
-7.459321 -7.348975 -2.093713
-7.302518 -7.437396 -1.509599
-7.055599 -7.671684 -1.447563
-6.954308 -7.257262 -1.511481
-7.305690 -7.338781 -1.572828
-7.411323 -7.920668 -1.788256
-7.413677 -8.201066 -2.070107
-7.468825 -8.506820 -2.294121
-8.000856 -8.846131 -2.191748
-8.002621 -8.990190 -2.696863
-8.319696 -9.275882 -2.958110
-8.158689 -9.561988 -2.689285
-8.212212 -9.955198 -2.476517
-8.160820 -9.918891 -2.225547
-8.523762 -9.750626 -1.777381
-8.812963 -9.405898 -2.365762
-8.349866 -9.119223 -1.958094
-9.186487 -9.504753 -1.868860
-8.839552 -9.423555 -2.457343
-9.236508 -8.887610 -2.578542
-8.420157 -8.977654 -1.851388
-8.866960 -9.415997 -2.335849
-8.904260 -9.231084 -2.245999
-8.514674 -9.002101 -1.822640
-8.885115 -9.356479 -1.676847
-8.913265 -9.311753 -1.517287
-9.089138 -9.052472 -1.134857
-8.952409 -8.769522 -1.090320
-8.918507 -8.782550 -1.126048
-8.866469 -8.705728 -1.376755
-9.323942 -9.220523 -1.835126
-9.132923 -9.371337 -1.070872
-9.533927 -9.352347 -1.162520
-10.440962 -9.009441 -1.441474
-10.042133 -8.733203 -1.561885
-10.295190 -8.560885 -1.447395
-10.597014 -9.105315 -1.429001
-10.258008 -9.418202 -1.029364
-10.226746 -9.492253 -0.643152
-10.995642 -9.674749 -0.481877
-10.957741 -9.880708 -0.097421
-11.151081 -9.646213 -0.582159
-11.554728 -9.530349 -0.109424
-11.540682 -10.147533 -0.158323
-11.135581 -10.082362 -0.379453
-11.964179 -10.125261 -0.573760
-11.570989 -9.913740 -0.629095
-11.475225 -10.009366 -0.570547
-11.064440 -10.475200 -0.440653
-10.853480 -11.033588 -0.311023
-10.775897 -11.550953 -0.687711
-10.460737 -11.987583 -1.056283
-10.344865 -11.956401 -1.537504
-10.501530 -11.533385 -1.011868
-10.349015 -11.724049 -0.624700
-10.371585 -12.459382 -0.860278
-10.228587 -12.520356 -1.094654
-10.200764 -12.017132 -1.104739
-10.126172 -11.409575 -1.006518
-9.932664 -11.481656 -1.133297
-10.101357 -11.798858 -1.379101
-9.309337 -12.129829 -1.563787
-9.104483 -12.029597 -1.496743
-9.531368 -12.291122 -1.879902
-9.572814 -12.495121 -1.725631
-9.645976 -12.741156 -1.640277
-9.449530 -12.619491 -1.517378
-9.227119 -12.848238 -1.412684
-9.372863 -13.001129 -1.240208
-9.544455 -13.445761 -1.072095
-9.259862 -13.451963 -1.384936
-9.841301 -13.077067 -1.256102
-9.953697 -13.179556 -1.244443
-10.294446 -12.512378 -1.128682
-10.118899 -12.842071 -1.496021
-10.112108 -12.753393 -2.086261
-9.936086 -12.653744 -2.251209
-9.986277 -12.499006 -2.469888
-9.844307 -12.638655 -1.972019
-9.866315 -12.524712 -1.758754
-9.921434 -12.693695 -1.490153
-9.841075 -13.374670 -1.299851
-9.908179 -13.695445 -1.678873
-9.808104 -13.617581 -1.744104
-9.506588 -13.592073 -2.025198
-9.015798 -13.531644 -2.344078
-9.593081 -13.221291 -2.314062
-9.116404 -13.020406 -2.718962
-9.698562 -13.156412 -2.781216
-9.290103 -13.308134 -2.370111
-9.974401 -12.707710 -2.495216
-10.250012 -11.975050 -2.224628
-9.280313 -11.997505 -2.420207
-9.108960 -11.821314 -2.735488
-8.840619 -12.158813 -2.883437
-9.116049 -11.807569 -2.900574
-8.765128 -12.189935 -2.022375
-8.465367 -12.289892 -2.358474
-8.410461 -12.097679 -1.691994
-8.447327 -11.540619 -2.168480
-8.132005 -11.592708 -2.340096
-8.351593 -11.384987 -2.445318
-8.487788 -11.246787 -1.956987
-8.255003 -11.165082 -1.908668
-8.785374 -11.029372 -1.411675
-8.596878 -10.957108 -1.274727
-8.218661 -10.458484 -1.193740
-8.004907 -10.206673 -1.042926
-7.954670 -10.164387 -0.312093
-7.876363 -10.327138 -0.682769
-7.627114 -10.373302 -0.492275
-7.325065 -10.470773 -0.465196
-7.518579 -11.539639 -0.636182
-7.982358 -11.637002 -0.412862
-8.407920 -11.693347 -0.308204
-8.147211 -11.637663 -0.005499
-8.027827 -10.776996 0.181322
-8.300906 -10.772223 0.787537
-8.433011 -10.886931 0.991505
-8.167710 -11.302373 0.761013
-7.918635 -10.906625 0.957424
-8.006051 -10.429763 1.138916
-7.825305 -10.565853 1.010652
-7.584505 -10.193345 1.182283
-7.723948 -10.359444 1.285649
-7.853499 -10.309069 1.186117
-8.395184 -10.097121 1.543272
-7.822036 -10.581902 1.244993
-7.812615 -10.927010 0.987176
-8.163532 -11.032011 0.946816
-8.442311 -11.471146 1.133356
-7.926804 -11.935825 0.526076
-7.749578 -11.863478 0.695480
-7.230869 -11.898900 0.379118
-6.829724 -11.840396 0.389230
-7.010404 -11.388848 0.507358
-6.888297 -11.385046 0.727178
-6.803131 -11.873180 0.802156
-6.618764 -12.503080 0.785734
-5.751572 -12.342661 0.733331
-5.967241 -11.760626 0.944388
-6.479885 -11.854044 0.804216
-6.808470 -11.806654 0.148004
-6.784770 -11.521964 -0.344307
-6.900832 -11.880256 -0.695392
-6.438739 -11.909206 -1.259114
-7.037487 -11.055103 -1.221739
-7.122210 -10.752611 -1.989589
-6.814891 -10.225438 -2.181477
-7.190424 -10.059749 -1.893441
-7.372837 -10.198073 -2.200329
-7.356013 -10.132679 -2.229956
-7.101058 -9.169733 -2.149401
-7.282374 -9.196479 -2.157702
-7.056948 -8.829456 -2.242274
-6.736215 -9.096839 -2.209199
-6.702643 -7.880910 -2.186687
-6.776219 -7.921099 -2.079678
-6.648493 -8.103457 -2.243782
-6.376444 -8.260592 -1.782700
-7.221135 -8.616533 -2.179607
-7.167811 -8.502135 -1.598544
-6.952296 -8.783024 -1.807399
-7.275601 -9.120398 -2.359560
-7.414759 -9.000299 -2.274819
-7.344945 -9.458292 -2.443089
-7.364009 -9.189111 -2.235896
-7.366912 -9.343055 -2.359529
-6.290602 -9.609676 -2.323493
-6.396512 -10.049394 -2.653998
-6.051728 -10.294233 -3.041043
-6.826977 -10.333867 -2.658484
-7.115702 -10.651414 -1.958488
-6.868636 -10.672530 -2.277055
-7.490933 -10.831074 -2.399232
-7.393710 -11.122437 -2.608884
-7.591071 -11.730575 -3.006479
-7.250072 -11.723238 -2.584894
-7.013461 -11.841559 -2.671633
-7.511985 -11.308844 -1.992430
-7.162502 -11.244329 -1.747404
-6.954079 -11.573833 -1.327912
-6.089655 -10.732640 -1.536796
-6.850350 -10.536474 -1.051913
-6.957568 -10.220664 -1.470735
-6.516440 -10.616635 -1.187114
-6.084479 -10.458402 -1.206230
-6.211406 -9.945005 -0.876055
-6.593941 -9.779131 -1.080061
-6.755801 -9.750031 -1.245616
-6.497768 -9.390466 -0.862556
-6.488388 -9.350050 -1.143606
-6.955902 -10.040515 -1.387943
-6.668357 -9.799739 -1.113607
-7.015199 -9.987393 -1.319820
-7.099653 -9.511005 -1.367853
-7.217615 -9.189475 -1.166103
-7.095920 -9.439155 -1.169513
-7.362173 -9.898796 -1.042030
-6.986129 -9.339548 -0.843905
-6.529865 -9.661731 -0.919787
-6.205007 -9.175786 -1.017750
-6.118847 -9.144900 -1.040043
-5.362844 -8.867403 -0.602857
-5.434903 -8.749114 -0.336260
-5.346599 -8.095478 -0.045167
-5.049204 -8.101831 -0.069715
-4.644984 -8.025985 -0.142997
-4.675623 -7.718024 -0.018947
-4.639435 -7.661638 0.038402
-4.486424 -7.078308 0.039674
-4.553335 -6.922323 -0.038819
-4.498022 -7.185685 -0.269750
-4.627354 -6.777310 0.202888
-4.673871 -6.794902 0.309051
-4.310764 -7.063921 0.236675
-4.165356 -6.634286 0.099495
-4.201506 -7.033131 0.247119
-4.063627 -6.607622 0.233481
-4.392365 -6.135993 0.322340
-4.596510 -6.154351 0.386035
-4.565929 -6.230987 0.251907
-4.475888 -6.507594 -0.036294
-4.771518 -6.175524 -0.413544
-5.040964 -6.537305 0.050093
-4.868062 -6.661063 -0.196592
-4.648068 -6.399573 -0.267594
-4.974401 -6.167628 -0.312968
-5.141398 -5.982750 0.126301
-4.788402 -6.286396 0.229800
-4.801328 -6.037118 0.274910
-5.331681 -6.051538 0.005148
-4.930837 -5.990198 -0.738421
-5.236923 -5.926740 -0.420723
-5.710372 -5.633813 -0.488311
-6.019708 -5.655218 -0.444490
-6.532565 -5.173890 -0.182619
-6.481092 -5.213697 -0.128760
-6.629159 -5.045355 -0.417860
-6.544574 -4.393054 -0.190888
-6.673625 -4.565528 0.104823
-6.998928 -4.750225 0.273934
-6.910298 -4.468444 0.003637
-7.006271 -4.319175 -0.135992
-6.878066 -4.097960 -0.412282
-6.932078 -4.402583 -0.394538
-6.570199 -4.242083 -0.704710
-6.721857 -4.426071 -0.886925
-7.305150 -4.324087 -0.680645
-7.445842 -4.968599 -0.683756
-7.607193 -5.107015 -0.580668
-7.754599 -5.195702 -0.932024
-7.365356 -5.127543 -1.144932
-7.436203 -4.690946 -1.003172
-7.249209 -4.590861 -0.513111
-6.950493 -4.838198 -0.677828
-6.850988 -4.738288 -0.442465
-6.585240 -5.373593 -0.457072
-6.512377 -5.674906 -0.764201
-6.875014 -5.067673 -1.061604
-5.986011 -5.377688 -0.776164
-6.122230 -5.793296 -0.626940
-6.489159 -5.820244 -0.561452
-6.141235 -6.005819 -0.901638
-5.482339 -5.978878 -1.033815
-5.233597 -5.954918 -0.598613
-4.914682 -6.012848 -0.923391
-4.724644 -5.941147 -0.752962
-4.796245 -5.906852 -1.171940
-5.313200 -5.595917 -1.292188
-5.550821 -5.230778 -1.535098
-4.846247 -5.327488 -1.590708
-5.467693 -4.791431 -1.731551
-5.275293 -4.728135 -1.658168
-4.887847 -4.970640 -1.120044
-4.870759 -4.947769 -1.023215
-4.693959 -4.971832 -1.091457
-4.585311 -4.537210 -1.243073
-4.688330 -4.456814 -1.646709
-4.955407 -4.600513 -1.389401
-5.255635 -4.655585 -1.611500
-5.496741 -4.706314 -2.260065
-5.180651 -4.969907 -2.221139
-5.056504 -4.791068 -2.213659
-4.624909 -4.654690 -2.295714
-4.703622 -4.951600 -2.270826
-4.260321 -4.847052 -2.307347
-4.340864 -5.146389 -2.399259
-4.223550 -5.325221 -2.905813
-4.576437 -5.723487 -2.913235
-4.691464 -5.981923 -2.831867
-4.371037 -6.007516 -2.780114
-3.377260 -6.567405 -2.383349
-2.818807 -7.039613 -2.487539
-2.776097 -7.203896 -2.444832
-2.126305 -7.530184 -2.816079
-1.691348 -7.700943 -2.666897
-1.732421 -7.425832 -2.748782
-1.219550 -7.616927 -2.470980
-1.386917 -7.776773 -1.885733
-1.210327 -7.619732 -2.156261
-0.922505 -7.230413 -2.241014
-1.472367 -7.289177 -2.063984
-1.173934 -7.278044 -2.491449
-1.043986 -7.698735 -2.642661
-0.833784 -7.435173 -2.217045
-0.888067 -7.152840 -2.431021
-0.553591 -7.883679 -2.529206
-0.989106 -8.039094 -2.611590
-0.877543 -7.954743 -2.469581
-1.054268 -7.715509 -2.145958
-1.703406 -7.796825 -2.329726
-1.545505 -7.339282 -2.514872
-1.356374 -7.079304 -2.999290
-1.254620 -7.493898 -2.531847
-0.994731 -7.038964 -2.743308
-0.875586 -7.683621 -3.341185
-0.650702 -7.293498 -3.270804
-0.848443 -7.133686 -3.063321
-1.017700 -7.389871 -3.561512
-1.273859 -6.890170 -3.192469
-1.482433 -6.939292 -3.010599
-2.001797 -7.431008 -2.740231
-2.196746 -7.510932 -3.290822
-2.722912 -7.780454 -3.614645
-2.525964 -7.576350 -3.645759
-3.434659 -7.321193 -4.175415
-4.432807 -6.728640 -4.580615
-4.968025 -6.020500 -4.553479
-4.614500 -6.269421 -4.213383
-4.533798 -6.344203 -4.215325
-4.510492 -6.629893 -4.922014
-3.938928 -6.575190 -4.356332
-4.081637 -6.371630 -4.745495
-4.569937 -6.273830 -4.215881
-4.317451 -6.968736 -4.188216
-4.353039 -7.392186 -4.609734
-5.090115 -7.041997 -4.637074
-5.155398 -7.691775 -4.982394
-5.291361 -8.368052 -4.793734
-4.861610 -8.805343 -4.379495
-5.003617 -8.560086 -3.991145
-5.065233 -8.266251 -4.212568
-5.080680 -8.128457 -4.148251
-5.333363 -8.208615 -3.631070
-5.600314 -8.227679 -3.590259
-5.816683 -8.375650 -3.267180
-5.529216 -8.339538 -3.319232
-5.604365 -8.442692 -3.433551
-5.389597 -8.429929 -3.959456
-5.781228 -8.245982 -4.353305
-5.308351 -8.198663 -4.648401
-5.036474 -8.654163 -4.794519
-4.446359 -7.915562 -5.120673
-4.226686 -7.678269 -5.447850
-4.411477 -7.975728 -5.670296
-4.506181 -7.793249 -5.979718
-4.954826 -7.907518 -5.208664
-4.731729 -7.812886 -5.446101
-4.481318 -7.477672 -5.970894
-4.419033 -7.332721 -5.553005
-4.204373 -7.678388 -5.504124
-4.260570 -8.065892 -6.368188
-3.876622 -8.286164 -5.622083
-3.963240 -7.712793 -5.760196
-4.226562 -8.309764 -5.870285
-4.497443 -8.019966 -5.927084
-3.908911 -8.281175 -6.006858
-3.431861 -8.214699 -5.869784
-3.251215 -7.837511 -6.085384
-3.353048 -7.984912 -6.611632
-3.276440 -7.969967 -6.514831
-2.949109 -8.005886 -6.474151
-3.828159 -8.017624 -6.773143
-3.809775 -7.602810 -7.318798
-4.240420 -7.516904 -7.970404
-4.056556 -7.462069 -7.764571
-4.131217 -7.984101 -7.759851
-3.913324 -7.664960 -7.725118
-3.996433 -8.139393 -7.672733
-4.396126 -8.327260 -7.541422
-4.506965 -8.160093 -7.181945
-4.152528 -8.469453 -7.409382
-4.640330 -8.651196 -7.606257
-4.986989 -8.952838 -7.191672
-5.249025 -9.308173 -7.313221
-5.313988 -8.768509 -7.480538
-4.856723 -8.931496 -7.425854
-4.367672 -8.758349 -7.114509
-3.796336 -8.714776 -6.854453
-3.638685 -8.543513 -6.722062
-3.303895 -8.663989 -6.751829
-2.988614 -8.808706 -6.908969
-2.845006 -9.161788 -6.896309
-2.672630 -8.655806 -6.962205
-2.738361 -8.686679 -7.148142
-3.026616 -8.945224 -7.226452
-2.352893 -8.707217 -7.484091
-2.471407 -8.487687 -7.468887
-2.436879 -8.545793 -7.118623
-2.457330 -8.497724 -7.239907
-1.893437 -8.700160 -7.493229
-2.477868 -8.428166 -7.285721
-2.130782 -8.569952 -7.183047
-2.073051 -8.180712 -7.074736
-2.219409 -8.706974 -7.313810
-2.485749 -8.914142 -6.728227
-2.770655 -9.085343 -6.188769
-2.733407 -9.376257 -5.559121
-2.540211 -8.890090 -5.125618
-2.339554 -8.563273 -5.147739
-2.130943 -8.558640 -5.423183
-2.567614 -8.401654 -4.936255
-2.404516 -8.239367 -4.789499
-2.307713 -8.230045 -4.682032
-2.576359 -8.798140 -4.910335
-2.253330 -9.019527 -5.057208
-2.291719 -9.136090 -4.797342
-2.568870 -9.204513 -5.290554
-2.273549 -8.811803 -5.498676
-2.867471 -9.326168 -6.113955
-2.906003 -9.328454 -5.997089
-2.668827 -9.150845 -6.287233
-1.882794 -9.120205 -5.768380
-1.977571 -9.039767 -6.080961
-2.316420 -9.580248 -6.049646
-2.003536 -9.298659 -6.350644
-2.541024 -8.976930 -6.530527
-2.957570 -8.677772 -6.388524
-3.566663 -8.649714 -6.556123
-3.705597 -7.950136 -6.503028
-3.408679 -7.866841 -7.009736
-2.960074 -8.844686 -7.107599
-2.648049 -8.723290 -6.516925
-2.550323 -8.510573 -6.924685
-2.693256 -8.649184 -6.562997
-3.029066 -8.629156 -6.224697
-3.220972 -9.041539 -5.802683
-3.302761 -9.412953 -6.544681
-3.360625 -9.149593 -6.285085
-3.038167 -9.568896 -6.305025
-2.598287 -9.966434 -6.387481
-2.310913 -10.079918 -6.751174
-2.351047 -9.941753 -6.436661
-2.661679 -9.994664 -6.264332
-2.398281 -9.905767 -6.205725
-2.036099 -9.794521 -5.848655
-1.754196 -9.752952 -6.159538
-2.151764 -9.592721 -6.299672
-2.003683 -9.752955 -6.633704
-1.840832 -9.431793 -6.534572
-1.707394 -9.985789 -7.548795
-1.975466 -10.233833 -7.244998
-1.402695 -10.460144 -6.929756
-1.268976 -10.887878 -6.751705
-1.364987 -11.122530 -7.064607
-1.279994 -10.837496 -7.290797
-1.585423 -10.212312 -7.863101
-1.255244 -10.466828 -7.967028
-1.230347 -10.386063 -8.132964
-1.388732 -10.163021 -8.593150
-0.831099 -10.154966 -8.752645
-1.130254 -10.271822 -8.289677
-1.645568 -10.715192 -8.312034
-1.592183 -10.672128 -8.365107
-1.395056 -10.260913 -8.504923
-1.038580 -10.373452 -8.741315
-0.864425 -10.365532 -8.536959
-1.102609 -10.158016 -9.108841
-1.457490 -10.622954 -9.062971
-2.097145 -11.179501 -8.685999
-1.470881 -11.213687 -8.644438
-1.187475 -11.039964 -8.708861
-1.552158 -11.032666 -8.386307
-1.043778 -11.326391 -8.579947
-1.252245 -11.161507 -9.069979
-0.885865 -10.724523 -9.096556
-0.777295 -10.853440 -8.952908
-0.887690 -10.638390 -8.497514
-1.010518 -10.766242 -8.992942
-0.921266 -10.773367 -8.801611
-0.584017 -11.358765 -8.666934
-0.995859 -10.911460 -9.201622
-0.910708 -11.230075 -9.061053
-0.396348 -11.045026 -8.961973
-0.595362 -11.297384 -9.654974
-0.415561 -11.748793 -9.474145
-0.229749 -11.517930 -9.364151
-0.099421 -12.128893 -8.993041
-0.176849 -12.809119 -9.383733
0.246155 -12.696227 -8.903911
0.089555 -13.078414 -8.669556
0.299349 -13.339468 -8.754409
-0.019691 -13.497326 -8.868466
-0.110923 -13.327753 -8.907186
-0.401714 -13.783339 -9.403142
-0.723335 -14.385625 -9.858164
-0.279652 -13.948432 -9.943646
-0.076377 -13.747443 -10.061706
-0.243049 -14.224036 -10.374121
-0.030948 -14.068341 -10.087724
0.162972 -14.305067 -9.621620
0.121662 -14.666924 -9.773740
-0.091826 -14.790286 -10.102802
-0.069061 -15.001537 -9.956453
-0.221643 -15.109308 -10.303093
-0.367923 -15.677415 -10.873110
-0.139421 -16.219592 -10.549785
0.321286 -15.721930 -10.525968
0.007141 -15.673013 -10.765012
-0.295331 -15.837561 -10.366536
-0.203658 -15.660027 -9.902932
-0.068265 -15.366211 -10.254736
-0.295447 -15.103349 -10.044970
-0.113229 -15.277617 -10.119505
-0.704881 -15.104613 -9.382438
-0.123731 -14.927190 -9.089013
-0.162976 -14.051425 -9.348840
-0.160303 -14.134589 -9.862369
0.182639 -13.896945 -10.128863
0.438971 -14.253791 -9.997343
0.887247 -13.796728 -9.377314
1.352125 -13.911643 -9.684755
1.335917 -14.091426 -9.379575
1.016430 -14.115407 -9.580400
1.039686 -14.059914 -9.729630
1.344793 -14.336118 -10.596605
1.132510 -14.408239 -10.863372
0.867368 -14.100708 -11.214250
0.880451 -14.077268 -11.193728
1.129957 -13.558946 -11.582809
0.895808 -13.936473 -12.325142
0.836363 -14.100272 -12.535703
0.695163 -13.944000 -12.213467
0.262860 -14.358054 -11.836811
0.504053 -14.086269 -12.062064
0.629771 -13.882975 -12.283259
0.407624 -14.035970 -12.418155
0.289187 -13.962264 -12.664287
0.549533 -13.577261 -13.092501
0.436606 -13.335202 -12.829270
0.217812 -13.157035 -12.789920
0.180430 -13.161438 -12.984800
0.050859 -13.107394 -13.286074
0.395436 -13.260533 -13.145410
0.659797 -13.577552 -13.163958
0.678366 -13.694051 -13.325804
0.749833 -13.559141 -13.542690
0.508606 -13.692139 -13.530766
0.858562 -13.433007 -13.361411
0.801561 -13.453572 -12.789825
0.733734 -13.665813 -13.566274
0.682555 -13.802185 -13.562851
0.665752 -13.549230 -13.390454
1.283417 -13.749677 -13.440894
1.270477 -13.800583 -13.194669
1.568610 -13.885163 -12.958774
1.466275 -14.054729 -12.968807
1.455860 -14.381659 -13.457510
1.306601 -14.417574 -13.459722
1.102703 -14.448551 -13.455770
0.851426 -14.876438 -13.301514
0.914207 -14.556150 -13.053033
0.521687 -14.433109 -13.081884
0.054683 -14.703626 -13.243381
0.091375 -14.564731 -13.380253
-0.603677 -15.000217 -12.678334
-1.062818 -14.839919 -12.806584
-1.129693 -14.610781 -13.117358
-1.429786 -14.604348 -13.405748
-0.903081 -14.525597 -13.487223
-0.521736 -14.818356 -13.215098
-0.533302 -15.042356 -13.038569
-0.662445 -15.195747 -13.245102
-1.210813 -15.177499 -13.218489
-1.390419 -15.258570 -13.266166
-1.295400 -15.742267 -13.446174
-1.232644 -15.744838 -13.279101
-1.257701 -15.718396 -12.905100
-1.591885 -16.100126 -12.853168
-1.791354 -15.734850 -13.325790
-2.070348 -15.963166 -13.108283
-2.266401 -15.912024 -13.039871
-2.350194 -16.155453 -12.740665
-1.997682 -16.214503 -12.598652
-2.359240 -16.195969 -12.278645
-1.879792 -16.362976 -12.297448
-1.482336 -16.774068 -12.436529
-1.857206 -16.538996 -12.433810
-1.883166 -16.623460 -12.414488
-2.285350 -16.453160 -12.025740
-2.787233 -16.109331 -11.981556
-2.905726 -15.877931 -12.573096
-3.364869 -15.248416 -12.263958
-3.290699 -15.543207 -12.551064
-3.022832 -15.490080 -12.229585
-3.201764 -15.690450 -11.609304
-3.313330 -15.435197 -11.460829
-2.949224 -15.823010 -11.549395
-3.098179 -15.751297 -11.613845
-3.308767 -16.093575 -11.791452
-3.109109 -16.170576 -11.449054
-3.176829 -15.912575 -11.709156
-3.044911 -15.735212 -11.935484
-3.178160 -15.656404 -11.651123
-2.729419 -15.678493 -11.974790
-2.231973 -15.446272 -11.614680
-2.589575 -15.339003 -11.910166
-3.094292 -15.301785 -12.075375
-3.524431 -15.331757 -12.288483
-3.561175 -15.378851 -12.073155
-3.516773 -15.444645 -12.041682
-3.303390 -15.559724 -12.208561
-2.909868 -15.547922 -12.280651
-2.957540 -15.138016 -12.516077
-3.100901 -15.485096 -12.268932
-3.455489 -15.621479 -12.786471
-3.123405 -15.921830 -13.011663
-3.079991 -15.605297 -13.342187
-3.257252 -15.513070 -13.352983
-3.234311 -15.477066 -13.722498
-3.118057 -15.492316 -13.686442
-3.210773 -15.731636 -12.997572
-2.962072 -15.769869 -13.054542
-3.200355 -16.837013 -13.496409
-3.131452 -17.049053 -13.650599
-3.279453 -16.697845 -13.885947
-3.613295 -17.096428 -14.094556
-3.916127 -17.363232 -14.261113
-4.167545 -17.403248 -14.260800
-4.542687 -18.157409 -14.539453
-4.957065 -18.188796 -14.939800
-4.953534 -18.294927 -15.343754
-4.203221 -19.181146 -15.439605
-3.991333 -19.373888 -15.197992
-3.894678 -19.107251 -14.820797
-3.967092 -19.487793 -14.604629
-3.976510 -19.167983 -14.200625
-4.271403 -19.330526 -14.087605
-4.577424 -19.932742 -13.893451
-4.672104 -19.888834 -13.894004
-4.182859 -19.957111 -14.159028
-4.513645 -19.327952 -14.497224
-4.455711 -19.264056 -14.463327
-4.388411 -18.929339 -14.434238
-4.281249 -19.252598 -14.759977
-4.352568 -18.848668 -14.750950
-4.786445 -19.204317 -14.391420
-4.910655 -18.845045 -14.539098
-4.859456 -18.551370 -14.079692
-4.858480 -18.505915 -13.972416
-4.466615 -18.863404 -14.155730
-3.889440 -19.066000 -14.146087
-4.055123 -19.351817 -13.610618
-4.107558 -18.943726 -13.849199
-4.252169 -18.795926 -14.134796
-4.379485 -19.009935 -14.143712
-4.170068 -19.498245 -14.237861
-3.996367 -20.339598 -14.075132
-3.787439 -20.486451 -14.248235
-3.854745 -20.731600 -14.653754
-4.150766 -20.693045 -14.463322
-4.792900 -20.752916 -14.509634
-4.709788 -20.538855 -14.743899
-5.161432 -20.207352 -14.382077
-4.961937 -19.811711 -14.222433
-4.591250 -20.277622 -14.095930
-4.092866 -20.294355 -14.365576
-4.264017 -20.891118 -14.550903
-4.192551 -20.766632 -14.495606
-4.154603 -20.954469 -14.425138
-3.878909 -21.073168 -14.386072
-3.529937 -21.182171 -14.027765
-2.677409 -20.999739 -13.880484
-3.021792 -21.895494 -13.488423
-3.215595 -22.119747 -13.798047
-3.154394 -21.946927 -13.899726
-3.282210 -22.202176 -14.036662
-3.158604 -22.692468 -13.817129
-3.104884 -23.028350 -13.930990
-3.333421 -23.674084 -14.288109
-3.425557 -23.996063 -14.615299
-3.566147 -23.085154 -14.136616
-3.117454 -23.526984 -14.548494
-2.703321 -23.765543 -14.829642
-2.834199 -24.339228 -14.795959
-3.342695 -24.653806 -14.389770
-2.807714 -24.384207 -14.770422
-3.327434 -24.709735 -13.986350
-4.097336 -25.310344 -14.236805
-4.254272 -25.256281 -14.281376
-3.733892 -24.968376 -14.620111
-3.781871 -25.268857 -14.581042
-3.170241 -25.293959 -14.649744
-3.418032 -25.301936 -14.557365
-3.343801 -25.693080 -14.620823
-2.696844 -26.091596 -14.513107
-2.623877 -26.409883 -14.621327
-3.075949 -26.841285 -14.549469
-2.905384 -27.238952 -14.468448
-2.717892 -27.209756 -14.422973
-2.948485 -27.397925 -14.583512
-2.487031 -27.203111 -14.290819
-1.870742 -27.546772 -14.322265
-2.368825 -27.797510 -15.209075
-2.636107 -27.944516 -15.148726
-2.973699 -27.950048 -14.969967
-2.935220 -28.660144 -15.337290
-2.726937 -28.377568 -15.241401
-2.686537 -28.649903 -15.572680
-2.539525 -29.298787 -15.820263
-2.329756 -29.377328 -16.081388
-2.403728 -29.340839 -15.975238
-2.585133 -28.525086 -16.411939
-2.110893 -28.106566 -16.714428
-2.189030 -28.235841 -16.674941
-2.789775 -27.842562 -17.056201
-2.445645 -27.940825 -17.055898
-2.375049 -27.837849 -17.349133
-2.488547 -27.602132 -17.392590
-2.381661 -28.266390 -17.299103
-2.084349 -27.952020 -17.361242
-2.362768 -28.187834 -17.583331
-1.762967 -28.170950 -17.033284
-1.446314 -27.917800 -17.115515
