0.000000 0.000000
0.100100 -0.028074
0.200200 0.089599
0.300300 -0.279580
0.400400 -0.055037
0.500501 0.104943
0.600601 0.085977
0.700701 0.493088
0.800801 0.689503
0.900901 0.971047
1.001001 1.070030
1.101101 0.969150
1.201201 1.451589
1.301301 1.650122
1.401401 1.304564
1.501502 0.978636
1.601602 0.604605
1.701702 1.163155
1.801802 0.935154
1.901902 1.295942
2.002002 1.122160
2.102102 1.249972
2.202202 1.038022
2.302302 1.008947
2.402402 0.759353
2.502503 1.089914
2.602603 0.961531
2.702703 0.776360
2.802803 0.667047
2.902903 0.493975
3.003003 0.085832
3.103103 0.123553
3.203203 0.195756
3.303303 0.180000
3.403403 0.007336
3.503504 -0.283990
3.603604 -0.040189
3.703704 0.075797
3.803804 -0.185683
3.903904 0.104893
4.004004 0.518001
4.104104 0.467651
4.204204 0.981826
4.304304 0.584251
4.404404 0.567040
4.504505 0.627956
4.604605 0.880250
4.704705 0.828076
4.804805 1.343595
4.904905 1.198737
5.005005 1.698459
5.105105 1.939759
5.205205 2.284298
5.305305 1.668849
5.405405 1.295765
5.505506 1.326243
5.605606 1.125802
5.705706 0.874897
5.805806 1.188280
5.905906 1.472755
6.006006 2.079046
6.106106 2.307378
6.206206 2.289342
6.306306 2.670320
6.406406 2.308980
6.506507 2.094629
6.606607 2.175816
6.706707 1.742151
6.806807 1.856882
6.906907 2.238863
7.007007 2.333599
7.107107 2.423946
7.207207 2.028610
7.307307 1.819003
7.407407 2.182115
7.507508 1.994970
7.607608 2.129785
7.707708 2.536563
7.807808 2.306522
7.907908 2.180703
8.008008 1.302081
8.108108 1.135477
8.208208 1.619198
8.308308 2.253578
8.408408 1.982360
8.508509 2.760021
8.608609 3.300719
8.708709 3.152537
8.808809 3.552491
8.908909 3.358138
9.009009 3.138131
9.109109 3.067296
9.209209 3.316193
9.309309 3.628170
9.409409 3.406858
9.509510 3.531774
9.609610 3.516676
9.709710 3.475110
9.809810 3.267578
9.909910 2.720748
10.010010 2.782520
10.110110 2.894754
10.210210 2.410167
10.310310 1.818799
10.410410 2.131910
10.510511 2.116571
10.610611 2.288713
10.710711 2.392735
10.810811 2.273920
10.910911 2.261921
11.011011 2.187492
11.111111 2.530347
11.211211 2.548021
11.311311 3.103568
11.411411 2.577578
11.511512 2.554361
11.611612 2.818869
11.711712 2.780675
11.811812 2.591628
11.911912 2.733956
12.012012 3.058232
12.112112 3.439901
12.212212 3.304005
12.312312 3.626515
12.412412 3.756755
12.512513 4.009215
12.612613 4.391727
12.712713 4.497627
12.812813 4.708424
12.912913 5.131368
13.013013 5.205184
13.113113 5.514523
13.213213 5.604751
13.313313 5.387272
13.413413 5.546829
13.513514 5.462133
13.613614 5.444347
13.713714 5.681851
13.813814 5.498945
13.913914 5.274051
14.014014 5.448845
14.114114 5.721568
14.214214 5.546438
14.314314 6.346186
14.414414 6.405437
14.514515 6.381347
14.614615 5.403409
14.714715 5.588569
14.814815 5.317097
14.914915 4.937135
15.015015 4.925872
15.115115 4.880256
15.215215 5.188458
15.315315 5.275786
15.415415 5.315526
15.515516 5.443113
15.615616 5.395930
15.715716 5.516749
15.815816 5.585332
15.915916 6.135244
16.016016 6.922162
16.116116 7.201717
16.216216 6.947510
16.316316 6.921764
16.416416 6.806099
16.516517 6.886305
16.616617 6.576869
16.716717 6.803850
16.816817 6.534183
16.916917 6.957672
17.017017 7.049642
17.117117 7.002915
17.217217 6.817732
17.317317 7.006544
17.417417 6.787301
17.517518 6.147803
17.617618 6.203676
17.717718 5.993153
17.817818 5.539473
17.917918 5.836560
18.018018 5.687068
18.118118 5.305757
18.218218 5.273495
18.318318 4.926225
18.418418 5.322856
18.518519 5.149292
18.618619 4.580670
18.718719 4.547068
18.818819 3.868290
18.918919 3.679565
19.019019 4.308538
19.119119 4.333528
19.219219 4.087430
19.319319 4.585692
19.419419 4.655154
19.519520 4.593297
19.619620 4.772264
19.719720 5.769323
19.819820 5.642564
19.919920 5.681950
20.020020 6.090113
20.120120 5.957306
20.220220 6.265111
20.320320 5.714257
20.420420 6.157244
20.520521 5.389785
20.620621 5.403268
20.720721 5.354001
20.820821 4.985735
20.920921 4.774464
21.021021 4.410615
21.121121 3.411601
21.221221 3.613854
21.321321 3.579593
21.421421 3.917810
21.521522 3.998118
21.621622 4.535268
21.721722 4.181510
21.821822 4.179513
21.921922 4.216179
22.022022 4.424637
22.122122 4.529631
22.222222 4.945507
22.322322 4.619091
22.422422 4.803796
22.522523 4.741682
22.622623 4.943375
22.722723 4.471947
22.822823 4.435303
22.922923 3.975377
23.023023 3.874437
23.123123 3.937812
23.223223 4.515583
23.323323 5.006507
23.423423 5.010584
23.523524 4.256285
23.623624 3.813955
23.723724 3.589663
23.823824 3.904157
23.923924 3.916052
24.024024 4.302764
24.124124 4.591676
24.224224 4.389676
24.324324 4.390894
24.424424 4.651767
24.524525 5.165548
24.624625 5.091965
24.724725 4.968778
24.824825 5.214726
24.924925 4.709856
25.025025 4.487065
25.125125 3.726761
25.225225 3.606473
25.325325 3.525473
25.425425 3.531550
25.525526 3.065867
25.625626 2.741739
25.725726 2.348772
25.825826 2.217202
25.925926 1.989934
26.026026 1.732404
26.126126 1.574709
26.226226 2.226793
26.326326 2.729483
26.426426 2.385913
26.526527 2.329359
26.626627 2.081372
26.726727 1.871125
26.826827 1.749130
26.926927 1.886750
27.027027 2.292811
27.127127 2.680726
27.227227 2.577552
27.327327 2.136081
27.427427 1.725087
27.527528 1.919582
27.627628 2.042754
27.727728 2.319095
27.827828 2.185308
27.927928 2.293679
28.028028 2.501482
28.128128 2.285595
28.228228 2.370641
28.328328 1.867341
28.428428 2.032300
28.528529 2.019431
28.628629 2.999517
28.728729 2.486592
28.828829 2.295324
28.928929 2.337707
29.029029 2.557691
29.129129 3.207948
29.229229 3.252438
29.329329 4.130510
29.429429 4.391292
29.529530 3.826647
29.629630 3.226783
29.729730 3.057189
29.829830 2.872655
29.929930 2.481413
30.030030 2.255072
30.130130 2.112761
30.230230 2.285341
30.330330 2.218119
30.430430 2.418621
30.530531 2.719157
30.630631 2.524118
30.730731 2.432846
30.830831 2.813675
30.930931 3.073322
31.031031 3.179260
31.131131 3.482099
31.231231 3.337304
31.331331 3.412400
31.431431 3.283190
31.531532 3.129448
31.631632 3.161799
31.731732 3.910986
31.831832 4.046915
31.931932 3.865721
32.032032 3.950333
32.132132 3.751585
32.232232 3.365841
32.332332 3.745742
32.432432 4.136925
32.532533 4.165830
32.632633 4.102698
32.732733 4.302042
32.832833 4.292523
32.932933 4.640309
33.033033 4.584047
33.133133 4.681905
33.233233 4.586699
33.333333 4.771450
33.433433 4.850791
33.533534 4.675207
33.633634 4.868066
33.733734 4.390338
33.833834 4.156068
33.933934 4.460774
34.034034 4.485199
34.134134 4.331981
34.234234 3.985198
34.334334 3.619095
34.434434 4.122945
34.534535 3.899691
34.634635 3.748009
34.734735 3.818193
34.834835 3.798534
34.934935 3.818574
35.035035 3.933940
35.135135 3.512070
35.235235 3.238845
35.335335 3.019048
35.435435 2.525418
35.535536 2.600946
35.635636 2.728096
35.735736 2.728426
35.835836 2.509734
35.935936 2.608200
36.036036 2.332715
36.136136 2.273964
36.236236 2.464817
36.336336 2.438845
36.436436 2.915014
36.536537 2.569081
36.636637 2.661900
36.736737 3.264653
36.836837 3.465733
36.936937 3.672239
37.037037 3.381659
37.137137 3.236990
37.237237 3.325546
37.337337 3.325039
37.437437 3.056549
37.537538 3.752389
37.637638 3.515453
37.737738 3.258295
37.837838 2.960103
37.937938 2.343188
38.038038 2.159128
38.138138 1.795740
38.238238 1.949430
38.338338 2.253291
38.438438 2.385410
38.538539 2.500301
38.638639 2.273796
38.738739 2.228420
38.838839 2.530659
38.938939 2.689254
39.039039 2.229529
39.139139 2.454731
39.239239 1.804105
39.339339 1.393270
39.439439 0.771447
39.539540 1.332647
39.639640 1.815577
39.739740 1.639121
39.839840 2.087224
39.939940 1.892609
40.040040 1.637128
40.140140 1.948672
40.240240 2.240516
40.340340 1.998690
40.440440 1.938539
40.540541 2.298211
40.640641 2.214125
40.740741 2.131825
40.840841 1.951814
40.940941 2.016519
41.041041 2.091301
41.141141 2.273352
41.241241 2.306703
41.341341 2.292812
41.441441 1.774365
41.541542 1.605975
41.641642 1.110270
41.741742 0.706798
41.841842 0.380318
41.941942 0.975538
42.042042 0.760471
42.142142 0.704764
42.242242 0.789371
42.342342 0.472593
42.442442 0.939021
42.542543 0.964292
42.642643 1.071765
42.742743 1.247885
42.842843 1.407908
42.942943 0.705012
43.043043 0.932141
43.143143 1.708877
43.243243 1.265338
43.343343 1.017608
43.443443 0.550179
43.543544 0.255201
43.643644 -0.152700
43.743744 -0.126257
43.843844 0.044135
43.943944 0.072075
44.044044 -0.521871
44.144144 0.286075
44.244244 0.012006
44.344344 0.191134
44.444444 0.357866
44.544545 0.111464
44.644645 -0.103964
44.744745 0.174167
44.844845 0.183658
44.944945 0.378899
45.045045 -0.022072
45.145145 -0.171216
45.245245 -0.597283
45.345345 -0.720717
45.445445 -0.610503
45.545546 -0.153214
45.645646 -0.436655
45.745746 -0.341444
45.845846 -0.469677
45.945946 -0.617636
46.046046 -0.442767
46.146146 -0.491939
46.246246 -0.192295
46.346346 -0.552711
46.446446 -0.521872
46.546547 -0.379094
46.646647 -0.268285
46.746747 -0.330188
46.846847 -0.303764
46.946947 -0.503730
47.047047 -0.798231
47.147147 -0.555556
47.247247 -0.702271
47.347347 -0.846325
47.447447 -1.409806
47.547548 -1.412986
47.647648 -1.486666
47.747748 -1.515606
47.847848 -1.730250
47.947948 -1.873590
48.048048 -2.159529
48.148148 -2.248479
48.248248 -2.492466
48.348348 -2.516452
48.448448 -2.435047
48.548549 -1.980941
48.648649 -1.780687
48.748749 -1.883520
48.848849 -2.211669
48.948949 -2.466679
49.049049 -2.687658
49.149149 -2.552523
49.249249 -3.067375
49.349349 -3.122448
49.449449 -2.885973
49.549550 -3.294824
49.649650 -2.995880
49.749750 -3.090745
49.849850 -3.240823
49.949950 -3.232755
50.050050 -3.167132
50.150150 -3.281847
50.250250 -3.974329
50.350350 -4.414019
50.450450 -4.817334
50.550551 -4.700011
50.650651 -4.789470
50.750751 -3.896373
50.850851 -3.809042
50.950951 -3.942905
51.051051 -3.373846
51.151151 -3.461420
51.251251 -3.462025
51.351351 -3.831373
51.451451 -3.461576
51.551552 -3.872967
51.651652 -3.791654
51.751752 -3.490176
51.851852 -3.842616
51.951952 -4.030363
52.052052 -3.183870
52.152152 -2.871993
52.252252 -3.131722
52.352352 -3.242654
52.452452 -3.403642
52.552553 -2.831919
52.652653 -2.670417
52.752753 -2.948016
52.852853 -2.999071
52.952953 -3.140715
53.053053 -2.950671
53.153153 -3.001582
53.253253 -3.027229
53.353353 -2.912979
53.453453 -3.296018
53.553554 -2.960241
53.653654 -2.702809
53.753754 -2.263601
53.853854 -1.911649
53.953954 -1.969028
54.054054 -2.066174
54.154154 -2.035291
54.254254 -1.942388
54.354354 -1.886214
54.454454 -2.231302
54.554555 -1.845639
54.654655 -1.573935
54.754755 -1.416506
54.854855 -1.366607
54.954955 -1.432516
55.055055 -1.166340
55.155155 -0.973311
55.255255 -0.256977
55.355355 -0.807283
55.455455 -0.805295
55.555556 -0.935347
55.655656 -0.543413
55.755756 -0.607298
55.855856 -0.760970
55.955956 -1.321857
56.056056 -1.229962
56.156156 -1.387071
56.256256 -1.990538
56.356356 -2.265167
56.456456 -1.801779
56.556557 -2.150566
56.656657 -1.912596
56.756757 -1.971335
56.856857 -1.697636
56.956957 -1.527460
57.057057 -1.663977
57.157157 -1.393605
57.257257 -1.633712
57.357357 -2.028342
57.457457 -2.614887
57.557558 -2.590973
57.657658 -2.869994
57.757758 -2.897196
57.857858 -2.919881
57.957958 -2.641169
58.058058 -2.636499
58.158158 -2.411621
58.258258 -2.506363
58.358358 -2.050908
58.458458 -1.823893
58.558559 -1.694238
58.658659 -1.656230
58.758759 -1.839934
58.858859 -1.521568
58.958959 -2.094425
59.059059 -1.927905
59.159159 -1.854400
59.259259 -1.601964
59.359359 -1.653267
59.459459 -1.796416
59.559560 -1.986779
59.659660 -2.624973
59.759760 -2.328877
59.859860 -2.222017
59.959960 -1.802884
60.060060 -1.488397
60.160160 -1.371614
60.260260 -1.383313
60.360360 -1.474375
60.460460 -1.443198
60.560561 -1.645610
60.660661 -1.704526
60.760761 -1.869847
60.860861 -2.249817
60.960961 -1.955814
61.061061 -1.871288
61.161161 -1.621147
61.261261 -1.781351
61.361361 -2.325205
61.461461 -2.035189
61.561562 -2.262000
61.661662 -2.415816
61.761762 -2.443271
61.861862 -2.097810
61.961962 -2.183227
62.062062 -2.249769
62.162162 -2.139782
62.262262 -2.282026
62.362362 -1.916568
62.462462 -1.876057
62.562563 -1.547757
62.662663 -1.438189
62.762763 -1.568367
62.862863 -1.058334
62.962963 -1.567299
63.063063 -0.920458
63.163163 -1.633733
63.263263 -1.914627
63.363363 -1.688254
63.463463 -1.675732
63.563564 -2.111184
63.663664 -1.823596
63.763764 -1.734802
63.863864 -1.646146
63.963964 -1.909473
64.064064 -2.231030
64.164164 -2.813580
64.264264 -2.416103
64.364364 -2.874925
64.464464 -3.099347
64.564565 -2.771523
64.664665 -2.759527
64.764765 -2.460165
64.864865 -2.475823
64.964965 -3.153420
65.065065 -3.466020
65.165165 -3.320211
65.265265 -3.182614
65.365365 -2.737399
65.465465 -2.805635
65.565566 -3.292321
65.665666 -4.109719
65.765766 -4.717635
65.865866 -4.507359
65.965966 -5.284184
66.066066 -5.260185
66.166166 -5.327746
66.266266 -5.396515
66.366366 -5.417468
66.466466 -5.603571
66.566567 -5.323664
66.666667 -6.031225
66.766767 -6.631816
66.866867 -6.828640
66.966967 -6.942682
67.067067 -6.939210
67.167167 -6.427263
67.267267 -6.660480
67.367367 -6.761505
67.467467 -7.082634
67.567568 -6.637808
67.667668 -6.346646
67.767768 -6.139212
67.867868 -6.179911
67.967968 -6.074238
68.068068 -5.953511
68.168168 -5.762912
68.268268 -5.456703
68.368368 -5.583555
68.468468 -5.150150
68.568569 -5.336112
68.668669 -5.361068
68.768769 -4.838358
68.868869 -5.073453
68.968969 -4.837887
69.069069 -3.985858
69.169169 -4.021156
69.269269 -4.088675
69.369369 -4.043944
69.469469 -3.986285
69.569570 -3.771155
69.669670 -3.489327
69.769770 -3.383674
69.869870 -3.508479
69.969970 -3.036566
70.070070 -2.790816
70.170170 -2.721429
70.270270 -2.969509
70.370370 -2.435982
70.470470 -1.933345
70.570571 -2.148301
70.670671 -2.067565
70.770771 -1.994525
70.870871 -1.953512
70.970971 -2.571341
71.071071 -2.525217
71.171171 -2.404034
71.271271 -2.367163
71.371371 -2.251236
71.471471 -2.067227
71.571572 -2.011557
71.671672 -2.111518
71.771772 -2.099377
71.871872 -2.116579
71.971972 -2.048087
72.072072 -1.803888
72.172172 -1.709615
72.272272 -1.877602
72.372372 -2.502808
72.472472 -2.636617
72.572573 -2.627761
72.672673 -2.686680
72.772773 -3.070538
72.872873 -3.525636
72.972973 -3.587560
73.073073 -3.341172
73.173173 -2.997252
73.273273 -3.390311
73.373373 -3.489034
73.473473 -3.670081
73.573574 -3.363080
73.673674 -2.879682
73.773774 -2.646647
73.873874 -3.002673
73.973974 -3.050062
74.074074 -3.177957
74.174174 -3.123898
74.274274 -3.190539
74.374374 -3.226645
74.474474 -3.138543
74.574575 -4.276477
74.674675 -4.403731
74.774775 -4.527373
74.874875 -4.097473
74.974975 -3.791741
75.075075 -3.574373
75.175175 -2.888824
75.275275 -3.265521
75.375375 -3.747497
75.475475 -3.723516
75.575576 -4.176714
75.675676 -4.251808
75.775776 -4.434390
75.875876 -4.551839
75.975976 -4.829196
76.076076 -5.236245
76.176176 -5.087539
76.276276 -5.269549
76.376376 -5.402752
76.476476 -5.009285
76.576577 -4.520782
76.676677 -4.791425
76.776777 -4.782547
76.876877 -4.531809
76.976977 -4.705352
77.077077 -4.649438
77.177177 -4.659015
77.277277 -4.804260
77.377377 -4.576786
77.477477 -4.852358
77.577578 -4.621885
77.677678 -4.733711
77.777778 -4.282272
77.877878 -4.526604
77.977978 -4.320488
78.078078 -4.512550
78.178178 -4.997695
78.278278 -4.979582
78.378378 -5.109340
78.478478 -5.391036
78.578579 -4.938231
78.678679 -4.789192
78.778779 -5.003816
78.878879 -4.796562
78.978979 -4.721320
79.079079 -4.263367
79.179179 -4.286135
79.279279 -3.949529
79.379379 -3.707182
79.479479 -3.629943
79.579580 -3.291080
79.679680 -3.667729
79.779780 -3.912525
79.879880 -4.148626
79.979980 -3.458656
80.080080 -3.205326
80.180180 -2.616517
80.280280 -3.052583
80.380380 -2.615981
80.480480 -2.539331
80.580581 -2.346650
80.680681 -2.353400
80.780781 -2.218348
80.880881 -2.315762
80.980981 -2.760849
81.081081 -2.909022
81.181181 -2.640711
81.281281 -2.802232
81.381381 -2.338928
81.481481 -2.523346
81.581582 -1.745574
81.681682 -1.674739
81.781782 -1.621219
81.881882 -1.709707
81.981982 -1.828981
82.082082 -1.807582
82.182182 -1.491853
82.282282 -1.553070
82.382382 -1.932143
82.482482 -2.358846
82.582583 -2.255345
82.682683 -2.791855
82.782783 -2.982973
82.882883 -2.763946
82.982983 -3.193776
83.083083 -3.527938
83.183183 -3.230192
83.283283 -3.512182
83.383383 -3.568645
83.483483 -3.377801
83.583584 -3.269655
83.683684 -3.430454
83.783784 -3.311852
83.883884 -2.789390
83.983984 -3.142413
84.084084 -3.359861
84.184184 -3.857296
84.284284 -3.622230
84.384384 -3.771585
84.484484 -3.898978
84.584585 -3.932994
84.684685 -4.188010
84.784785 -4.341411
84.884885 -4.364919
84.984985 -4.446252
85.085085 -4.540904
85.185185 -4.624646
85.285285 -5.054161
85.385385 -4.750961
85.485485 -4.216914
85.585586 -4.531701
85.685686 -4.222801
85.785786 -3.478154
85.885886 -3.335537
85.985986 -2.965503
86.086086 -3.509475
86.186186 -3.234985
86.286286 -3.305894
86.386386 -2.960875
86.486486 -2.416900
86.586587 -2.451298
86.686687 -2.302836
86.786787 -1.823555
86.886887 -2.209046
86.986987 -2.246420
87.087087 -2.651059
87.187187 -2.746770
87.287287 -2.881860
87.387387 -2.910206
87.487487 -2.934321
87.587588 -3.428154
87.687688 -3.209862
87.787788 -3.333908
87.887888 -3.466355
87.987988 -3.756948
88.088088 -3.619490
88.188188 -4.105370
88.288288 -3.876092
88.388388 -3.927351
88.488488 -4.167696
88.588589 -3.810246
88.688689 -3.877111
88.788789 -3.944313
88.888889 -4.028115
88.988989 -3.932506
89.089089 -3.810149
89.189189 -4.065349
89.289289 -3.875636
89.389389 -3.458807
89.489489 -3.335189
89.589590 -3.634807
89.689690 -3.663767
89.789790 -3.640604
89.889890 -3.749614
89.989990 -3.823489
90.090090 -4.412138
90.190190 -4.089759
90.290290 -4.712110
90.390390 -4.207610
90.490490 -4.154869
90.590591 -4.039132
90.690691 -3.840247
90.790791 -4.297270
90.890891 -4.352440
90.990991 -4.329023
91.091091 -4.026286
91.191191 -4.458547
91.291291 -4.667969
91.391391 -4.856888
91.491491 -5.137496
91.591592 -5.161603
91.691692 -5.322469
91.791792 -4.892649
91.891892 -5.550863
91.991992 -4.959830
92.092092 -5.157577
92.192192 -4.999989
92.292292 -4.859615
92.392392 -4.715063
92.492492 -4.606687
92.592593 -4.641038
92.692693 -4.795719
92.792793 -4.564546
92.892893 -4.731014
92.992993 -4.467025
93.093093 -4.276165
93.193193 -4.037847
93.293293 -4.386729
93.393393 -4.746010
93.493493 -5.298047
93.593594 -5.535692
93.693694 -5.782394
93.793794 -5.462255
93.893894 -5.249161
93.993994 -5.805022
94.094094 -5.263066
94.194194 -5.405903
94.294294 -5.676362
94.394394 -5.538741
94.494494 -5.281356
94.594595 -5.147366
94.694695 -5.197961
94.794795 -5.640080
94.894895 -6.037463
94.994995 -5.736174
95.095095 -5.356582
95.195195 -5.388658
95.295295 -5.025644
95.395395 -4.856377
95.495495 -4.893297
95.595596 -5.055801
95.695696 -5.183080
95.795796 -5.040927
95.895896 -5.366904
95.995996 -5.774277
96.096096 -6.104853
96.196196 -6.407524
96.296296 -5.739245
96.396396 -5.580033
96.496496 -5.422316
96.596597 -5.637708
96.696697 -5.585887
96.796797 -5.879537
96.896897 -5.207337
96.996997 -5.181077
97.097097 -5.217565
97.197197 -5.508221
97.297297 -5.622660
97.397397 -5.602543
97.497497 -5.408930
97.597598 -5.622764
97.697698 -5.637564
97.797798 -5.734892
97.897898 -5.225064
97.997998 -5.083087
98.098098 -4.985064
98.198198 -4.712336
98.298298 -4.182201
98.398398 -4.298897
98.498498 -3.140785
98.598599 -3.052643
98.698699 -2.742017
98.798799 -2.620830
98.898899 -2.305318
98.998999 -2.661084
99.099099 -2.626635
99.199199 -2.837674
99.299299 -2.927625
99.399399 -3.476362
99.499499 -3.208382
99.599600 -3.103817
99.699700 -2.525055
99.799800 -2.639892
99.899900 -2.684872
100.000000 -2.415688
