0.000000 0.000000
0.005000 0.022533
0.010000 0.040588
0.015000 0.084909
0.020000 0.183998
0.025000 0.273809
0.030000 0.335511
0.035000 0.353786
0.040000 0.409969
0.045000 0.464528
0.050000 0.550811
0.055000 0.600076
0.060000 0.692472
0.065000 0.701397
0.070000 0.702470
0.075000 0.734869
0.080000 0.770097
0.085000 0.850817
0.090000 0.906096
0.095000 0.982273
0.100000 0.984455
0.105000 1.052347
0.110000 1.119528
0.115000 1.122611
0.120000 1.145415
0.125000 1.214870
0.130000 1.238964
0.135000 1.295239
0.140000 1.301590
0.145000 1.345353
0.150000 1.377769
0.155000 1.379968
0.160000 1.438255
0.165000 1.475603
0.170000 1.487485
0.175000 1.585839
0.180000 1.623808
0.185000 1.662823
0.190000 1.695469
0.195000 1.773480
0.200000 1.806593
0.205000 1.838505
0.210000 1.870238
0.215000 1.917186
0.220000 1.974413
0.225000 2.074084
0.230000 2.150368
0.235000 2.155100
0.240000 2.190667
0.245000 2.262203
0.250000 2.262910
0.255000 2.357194
0.260000 2.380942
0.265000 2.408136
0.270000 2.456724
0.275000 2.480956
0.280000 2.549250
0.285000 2.559747
0.290000 2.594162
0.295000 2.596649
0.300000 2.599521
0.305000 2.666878
0.310000 2.742481
0.315000 2.795832
0.320000 2.862619
0.325000 2.867750
0.330000 2.889485
0.335000 2.890269
0.340000 2.965036
0.345000 2.983609
0.350000 3.030975
0.355000 3.115622
0.360000 3.186718
0.365000 3.195926
0.370000 3.246649
0.375000 3.255688
0.380000 3.262078
0.385000 3.271694
0.390000 3.289203
0.395000 3.356564
0.400000 3.396640
0.405000 3.458290
0.410000 3.501722
0.415000 3.566639
0.420000 3.624876
0.425000 3.711437
0.430000 3.739753
0.435000 3.745863
0.440000 3.837020
0.445000 3.921745
0.450000 3.982955
0.455000 4.044235
0.460000 4.087480
0.465000 4.101565
0.470000 4.124905
0.475000 4.204714
0.480000 4.250849
0.485000 4.335868
0.490000 4.354075
0.495000 4.362077
0.500000 4.454967
0.505000 4.553488
0.510000 4.601309
0.515000 4.623714
0.520000 4.674873
0.525000 4.720253
0.530000 4.818181
0.535000 4.887317
0.540000 4.951229
0.545000 5.020626
0.550000 5.086873
0.555000 5.088408
0.560000 5.099510
0.565000 5.191983
0.570000 5.280683
0.575000 5.359257
0.580000 5.453986
0.585000 5.471572
0.590000 5.530444
0.595000 5.588934
0.600000 5.643095
0.605000 5.714757
0.610000 5.742299
0.615000 5.833047
0.620000 5.840993
0.625000 5.896433
0.630000 5.967153
0.635000 6.053875
0.640000 6.104828
0.645000 6.163523
0.650000 6.258606
0.655000 6.305358
0.660000 6.379843
0.665000 6.440967
0.670000 6.460596
0.675000 6.464499
0.680000 6.553572
0.685000 6.604551
0.690000 6.615053
0.695000 6.615646
0.700000 6.675362
0.705000 6.725717
0.710000 6.746860
0.715000 6.795669
0.720000 6.824107
0.725000 6.890761
0.730000 6.940164
0.735000 6.956447
0.740000 7.033421
0.745000 7.125055
0.750000 7.224587
0.755000 7.248727
0.760000 7.268226
0.765000 7.300216
0.770000 7.348318
0.775000 7.404003
0.780000 7.407365
0.785000 7.499815
0.790000 7.514023
0.795000 7.609435
0.800000 7.689497
0.805000 7.698270
0.810000 7.744832
0.815000 7.806257
0.820000 7.875531
0.825000 7.970491
0.830000 8.065013
0.835000 8.100691
0.840000 8.134230
0.845000 8.216266
0.850000 8.295174
0.855000 8.306408
0.860000 8.318124
0.865000 8.322568
0.870000 8.419622
0.875000 8.508165
0.880000 8.543761
0.885000 8.603820
0.890000 8.619571
0.895000 8.649187
0.900000 8.705899
0.905000 8.770606
0.910000 8.795397
0.915000 8.853982
0.920000 8.893675
0.925000 8.921685
0.930000 8.973602
0.935000 9.052467
0.940000 9.129166
0.945000 9.219621
0.950000 9.293277
0.955000 9.332580
0.960000 9.391376
0.965000 9.475290
0.970000 9.519348
0.975000 9.601735
0.980000 9.682337
0.985000 9.758932
0.990000 9.796359
0.995000 9.820849
1.000000 9.824033
1.005000 9.839779
1.010000 9.890185
1.015000 9.966098
1.020000 10.024899
1.025000 10.097570
1.030000 10.172222
1.035000 10.247886
1.040000 10.342039
1.045000 10.372044
1.050000 10.459915
1.055000 10.503284
1.060000 10.507562
1.065000 10.520058
1.070000 10.542190
1.075000 10.600112
1.080000 10.604164
1.085000 10.605535
1.090000 10.652121
1.095000 10.720150
1.100000 10.785286
1.105000 10.819110
1.110000 10.909802
1.115000 10.955041
1.120000 10.997083
1.125000 11.092770
1.130000 11.098200
1.135000 11.163536
1.140000 11.168744
1.145000 11.194970
1.150000 11.282744
1.155000 11.297010
1.160000 11.360921
1.165000 11.418652
1.170000 11.501517
1.175000 11.522199
1.180000 11.523550
1.185000 11.619902
1.190000 11.706142
1.195000 11.755307
1.200000 11.766403
1.205000 11.856836
1.210000 11.869008
1.215000 11.940952
1.220000 12.001127
1.225000 12.052747
1.230000 12.143644
1.235000 12.239133
1.240000 12.323001
1.245000 12.396054
1.250000 12.491087
1.255000 12.520099
1.260000 12.529328
1.265000 12.541682
1.270000 12.564682
1.275000 12.623953
1.280000 12.696755
1.285000 12.776896
1.290000 12.803796
1.295000 12.815636
1.300000 12.907712
1.305000 12.928450
1.310000 12.974132
1.315000 13.059463
1.320000 13.110561
1.325000 13.122239
1.330000 13.188031
1.335000 13.259575
1.340000 13.289252
1.345000 13.381593
1.350000 13.449884
1.355000 13.526737
1.360000 13.593354
1.365000 13.624122
1.370000 13.635942
1.375000 13.690222
1.380000 13.782179
1.385000 13.795429
1.390000 13.890685
1.395000 13.968496
1.400000 14.038941
1.405000 14.102644
1.410000 14.158370
1.415000 14.240016
1.420000 14.265336
1.425000 14.323761
1.430000 14.366696
1.435000 14.371816
1.440000 14.428807
1.445000 14.472304
1.450000 14.530600
1.455000 14.609760
1.460000 14.660056
1.465000 14.675727
1.470000 14.762356
1.475000 14.837160
1.480000 14.866470
1.485000 14.883518
1.490000 14.909528
1.495000 14.956454
1.500000 15.036523
1.505000 15.064415
1.510000 15.142420
1.515000 15.167970
1.520000 15.183982
1.525000 15.202849
1.530000 15.299979
1.535000 15.364124
1.540000 15.454426
1.545000 15.463619
1.550000 15.555342
1.555000 15.644896
1.560000 15.677677
1.565000 15.740883
1.570000 15.832373
1.575000 15.917694
1.580000 15.996172
1.585000 16.084087
1.590000 16.167772
1.595000 16.260276
1.600000 16.269211
1.605000 16.353946
1.610000 16.396774
1.615000 16.397659
1.620000 16.466889
1.625000 16.524205
1.630000 16.537504
1.635000 16.540398
1.640000 16.594488
1.645000 16.678354
1.650000 16.713096
1.655000 16.717503
1.660000 16.782902
1.665000 16.853870
1.670000 16.917320
1.675000 17.013207
1.680000 17.084377
1.685000 17.146504
1.690000 17.202808
1.695000 17.214513
1.700000 17.245334
1.705000 17.342327
1.710000 17.404599
1.715000 17.416343
1.720000 17.501624
1.725000 17.517306
1.730000 17.585634
1.735000 17.668035
1.740000 17.681626
1.745000 17.711867
1.750000 17.768614
1.755000 17.815801
1.760000 17.893090
1.765000 17.980021
1.770000 18.039243
1.775000 18.082004
1.780000 18.158948
1.785000 18.252192
1.790000 18.306990
1.795000 18.404168
1.800000 18.470482
1.805000 18.505302
1.810000 18.535356
1.815000 18.547541
1.820000 18.634754
1.825000 18.720714
1.830000 18.750085
1.835000 18.788050
1.840000 18.866064
1.845000 18.953728
1.850000 19.017176
1.855000 19.093566
1.860000 19.177798
1.865000 19.275946
1.870000 19.343042
1.875000 19.425005
1.880000 19.484701
1.885000 19.584146
1.890000 19.658636
1.895000 19.707174
1.900000 19.785512
1.905000 19.820819
1.910000 19.919080
1.915000 20.000611
1.920000 20.088161
1.925000 20.134776
1.930000 20.202402
1.935000 20.282243
1.940000 20.381810
1.945000 20.403673
1.950000 20.445513
1.955000 20.447214
1.960000 20.535976
1.965000 20.570608
1.970000 20.622011
1.975000 20.648231
1.980000 20.729574
1.985000 20.761458
1.990000 20.848593
1.995000 20.923180
2.000000 21.004384
2.005000 21.099091
2.010000 21.140706
2.015000 21.155773
2.020000 21.190191
2.025000 21.250663
2.030000 21.317008
2.035000 21.364197
2.040000 21.378627
2.045000 21.404440
2.050000 21.439839
2.055000 21.498531
2.060000 21.528953
2.065000 21.536808
2.070000 21.551242
2.075000 21.636706
2.080000 21.639973
2.085000 21.646870
2.090000 21.662733
2.095000 21.669194
2.100000 21.768650
2.105000 21.823475
2.110000 21.865728
2.115000 21.901900
2.120000 21.953547
2.125000 21.974493
2.130000 22.013595
2.135000 22.103191
2.140000 22.150613
2.145000 22.166021
2.150000 22.239571
2.155000 22.294008
2.160000 22.307916
2.165000 22.353260
2.170000 22.365532
2.175000 22.417290
2.180000 22.503776
2.185000 22.579287
2.190000 22.587113
2.195000 22.631881
2.200000 22.642603
2.205000 22.741561
2.210000 22.832986
2.215000 22.913995
2.220000 22.926413
2.225000 22.945519
2.230000 22.953479
2.235000 23.042910
2.240000 23.104112
2.245000 23.127637
2.250000 23.208504
2.255000 23.235510
2.260000 23.328553
2.265000 23.405832
2.270000 23.441849
2.275000 23.471056
2.280000 23.551949
2.285000 23.624264
2.290000 23.720146
2.295000 23.806850
2.300000 23.847398
2.305000 23.933263
2.310000 23.963419
2.315000 24.003830
2.320000 24.083804
2.325000 24.117056
2.330000 24.181344
2.335000 24.260165
2.340000 24.302767
2.345000 24.324924
2.350000 24.406129
2.355000 24.426222
2.360000 24.436960
2.365000 24.509011
2.370000 24.566862
2.375000 24.664423
2.380000 24.668680
2.385000 24.714491
2.390000 24.762403
2.395000 24.821967
2.400000 24.920713
2.405000 24.945094
2.410000 25.006402
2.415000 25.016550
2.420000 25.072539
2.425000 25.171509
2.430000 25.263293
2.435000 25.277447
2.440000 25.363916
2.445000 25.455724
2.450000 25.471346
2.455000 25.525426
2.460000 25.552326
2.465000 25.652035
2.470000 25.660539
2.475000 25.693028
2.480000 25.731006
2.485000 25.827118
2.490000 25.891478
2.495000 25.984000
2.500000 26.009482
2.505000 26.071596
2.510000 26.127285
2.515000 26.191405
2.520000 26.264320
2.525000 26.344887
2.530000 26.424732
2.535000 26.489966
2.540000 26.566486
2.545000 26.639221
2.550000 26.698989
2.555000 26.717980
2.560000 26.807769
2.565000 26.882319
2.570000 26.955060
2.575000 27.004966
2.580000 27.084125
2.585000 27.107091
2.590000 27.192806
2.595000 27.205650
2.600000 27.274193
2.605000 27.280310
2.610000 27.291880
2.615000 27.338090
2.620000 27.389424
2.625000 27.466444
2.630000 27.546744
2.635000 27.635494
2.640000 27.659072
2.645000 27.744096
2.650000 27.837153
2.655000 27.846253
2.660000 27.897324
2.665000 27.933977
2.670000 27.961103
2.675000 27.965373
2.680000 28.041834
2.685000 28.113593
2.690000 28.166486
2.695000 28.251540
2.700000 28.252621
2.705000 28.316318
2.710000 28.368941
2.715000 28.411228
2.720000 28.418715
2.725000 28.457897
2.730000 28.485076
2.735000 28.487563
2.740000 28.492893
2.745000 28.576270
2.750000 28.587504
2.755000 28.602862
2.760000 28.611839
2.765000 28.692049
2.770000 28.790498
2.775000 28.822690
2.780000 28.864459
2.785000 28.870070
2.790000 28.875438
2.795000 28.908768
2.800000 28.986080
2.805000 29.054387
2.810000 29.097410
2.815000 29.185279
2.820000 29.199691
2.825000 29.227308
2.830000 29.275672
2.835000 29.338180
2.840000 29.410601
2.845000 29.487560
2.850000 29.528555
2.855000 29.543575
2.860000 29.582832
2.865000 29.677722
2.870000 29.692210
2.875000 29.694266
2.880000 29.750822
2.885000 29.779512
2.890000 29.872495
2.895000 29.940180
2.900000 30.019910
2.905000 30.042599
2.910000 30.069259
2.915000 30.147438
2.920000 30.205347
2.925000 30.278900
2.930000 30.281950
2.935000 30.342828
2.940000 30.430632
2.945000 30.448198
2.950000 30.483651
2.955000 30.535123
2.960000 30.628267
2.965000 30.704283
2.970000 30.798676
2.975000 30.854320
2.980000 30.876433
2.985000 30.922653
2.990000 30.944909
2.995000 31.001992
3.000000 31.098044
3.005000 31.138755
3.010000 31.172585
3.015000 31.251071
3.020000 31.260910
3.025000 31.332335
3.030000 31.373472
3.035000 31.455218
3.040000 31.460914
3.045000 31.503218
3.050000 31.598065
3.055000 31.697060
3.060000 31.709294
3.065000 31.722810
3.070000 31.789520
3.075000 31.875445
3.080000 31.919148
3.085000 31.942428
3.090000 32.009609
3.095000 32.015411
3.100000 32.021289
3.105000 32.112472
3.110000 32.125757
3.115000 32.212093
3.120000 32.262970
3.125000 32.345328
3.130000 32.347460
3.135000 32.369300
3.140000 32.446431
3.145000 32.474050
3.150000 32.479238
3.155000 32.571857
3.160000 32.616720
3.165000 32.622961
3.170000 32.720484
3.175000 32.788676
3.180000 32.795369
3.185000 32.887536
3.190000 32.933579
3.195000 32.973406
3.200000 33.046795
3.205000 33.098054
3.210000 33.114933
3.215000 33.193426
3.220000 33.231358
3.225000 33.242300
3.230000 33.249063
3.235000 33.319923
3.240000 33.367165
3.245000 33.448783
3.250000 33.508750
3.255000 33.582907
3.260000 33.635626
3.265000 33.687363
3.270000 33.717524
3.275000 33.735386
3.280000 33.739619
3.285000 33.794261
3.290000 33.851984
3.295000 33.901939
3.300000 33.908442
3.305000 33.993529
3.310000 34.055746
3.315000 34.128930
3.320000 34.147505
3.325000 34.232815
3.330000 34.238967
3.335000 34.335786
3.340000 34.372563
3.345000 34.385407
3.350000 34.452373
3.355000 34.540472
3.360000 34.622008
3.365000 34.704352
3.370000 34.749811
3.375000 34.784659
3.380000 34.880764
3.385000 34.910387
3.390000 34.987810
3.395000 35.038746
3.400000 35.117784
3.405000 35.212544
3.410000 35.241000
3.415000 35.307916
3.420000 35.357176
3.425000 35.373888
3.430000 35.446633
3.435000 35.466437
3.440000 35.522736
3.445000 35.532395
3.450000 35.568303
3.455000 35.578621
3.460000 35.593553
3.465000 35.659842
3.470000 35.680084
3.475000 35.690424
3.480000 35.777482
3.485000 35.849906
3.490000 35.889766
3.495000 35.913119
3.500000 36.003674
3.505000 36.059906
3.510000 36.158360
3.515000 36.169725
3.520000 36.174066
3.525000 36.234237
3.530000 36.236070
3.535000 36.249328
3.540000 36.261559
3.545000 36.342613
3.550000 36.416885
3.555000 36.503055
3.560000 36.557741
3.565000 36.569074
3.570000 36.637341
3.575000 36.711484
3.580000 36.722289
3.585000 36.727840
3.590000 36.821932
3.595000 36.918351
3.600000 36.933999
3.605000 36.938295
3.610000 36.942227
3.615000 37.015898
3.620000 37.102566
3.625000 37.136770
3.630000 37.211421
3.635000 37.272604
3.640000 37.369234
3.645000 37.427150
3.650000 37.428817
3.655000 37.439690
3.660000 37.481890
3.665000 37.543029
3.670000 37.593888
3.675000 37.681741
3.680000 37.730058
3.685000 37.799185
3.690000 37.817716
3.695000 37.867469
3.700000 37.960371
3.705000 37.968786
3.710000 38.002240
3.715000 38.052659
3.720000 38.149977
3.725000 38.173343
3.730000 38.193897
3.735000 38.243186
3.740000 38.244167
3.745000 38.328014
3.750000 38.336097
3.755000 38.403149
3.760000 38.438050
3.765000 38.523947
3.770000 38.595165
3.775000 38.650637
3.780000 38.668911
3.785000 38.707599
3.790000 38.722587
3.795000 38.728732
3.800000 38.811492
3.805000 38.856006
3.810000 38.903566
3.815000 38.941104
3.820000 39.039315
3.825000 39.075357
3.830000 39.143577
3.835000 39.218313
3.840000 39.291131
3.845000 39.353378
3.850000 39.438775
3.855000 39.497816
3.860000 39.509087
3.865000 39.544558
3.870000 39.605488
3.875000 39.642236
3.880000 39.679373
3.885000 39.737577
3.890000 39.769619
3.895000 39.803647
3.900000 39.808106
3.905000 39.844926
3.910000 39.885685
3.915000 39.919250
3.920000 39.947156
3.925000 39.960162
3.930000 40.057723
3.935000 40.059184
3.940000 40.119697
3.945000 40.165388
3.950000 40.195126
3.955000 40.289414
3.960000 40.301574
3.965000 40.358545
3.970000 40.378216
3.975000 40.389528
3.980000 40.416196
3.985000 40.421038
3.990000 40.499664
3.995000 40.565312
4.000000 40.607962
4.005000 40.627088
4.010000 40.672259
4.015000 40.764598
4.020000 40.814515
4.025000 40.866949
4.030000 40.923390
4.035000 40.935378
4.040000 41.016278
4.045000 41.098181
4.050000 41.138787
4.055000 41.213455
4.060000 41.256610
4.065000 41.262440
4.070000 41.346707
4.075000 41.424652
4.080000 41.439938
4.085000 41.453183
4.090000 41.461277
4.095000 41.489587
4.100000 41.507998
4.105000 41.539317
4.110000 41.613043
4.115000 41.624335
4.120000 41.709060
4.125000 41.783246
4.130000 41.834180
4.135000 41.871049
4.140000 41.927052
4.145000 41.978472
4.150000 41.992612
4.155000 42.038720
4.160000 42.081440
4.165000 42.173088
4.170000 42.201912
4.175000 42.241246
4.180000 42.332112
4.185000 42.420477
4.190000 42.463440
4.195000 42.553991
4.200000 42.642292
4.205000 42.705898
4.210000 42.738626
4.215000 42.805687
4.220000 42.899515
4.225000 42.957507
4.230000 43.028200
4.235000 43.062576
4.240000 43.118756
4.245000 43.152161
4.250000 43.178648
4.255000 43.251166
4.260000 43.266391
4.265000 43.352197
4.270000 43.384693
4.275000 43.450790
4.280000 43.546803
4.285000 43.621408
4.290000 43.708320
4.295000 43.740031
4.300000 43.807817
4.305000 43.893282
4.310000 43.908591
4.315000 43.999529
4.320000 44.089740
4.325000 44.175295
4.330000 44.190422
4.335000 44.235851
4.340000 44.260950
4.345000 44.298376
4.350000 44.315472
4.355000 44.354908
4.360000 44.450307
4.365000 44.513933
4.370000 44.584636
4.375000 44.592694
4.380000 44.622316
4.385000 44.673470
4.390000 44.717820
4.395000 44.807594
4.400000 44.843186
4.405000 44.938410
4.410000 44.968817
4.415000 45.012823
4.420000 45.020112
4.425000 45.034471
4.430000 45.057570
4.435000 45.089145
4.440000 45.177751
4.445000 45.178475
4.450000 45.247504
4.455000 45.318459
4.460000 45.346049
4.465000 45.353383
4.470000 45.424761
4.475000 45.477187
4.480000 45.493641
4.485000 45.541828
4.490000 45.612572
4.495000 45.703025
4.500000 45.749163
4.505000 45.788448
4.510000 45.863371
4.515000 45.887556
4.520000 45.968731
4.525000 46.068723
4.530000 46.135750
4.535000 46.156114
4.540000 46.219448
4.545000 46.270246
4.550000 46.341776
4.555000 46.437616
4.560000 46.530769
4.565000 46.547684
4.570000 46.630030
4.575000 46.723851
4.580000 46.770153
4.585000 46.778225
4.590000 46.844609
4.595000 46.850622
4.600000 46.916058
4.605000 46.997893
4.610000 47.001398
4.615000 47.006135
4.620000 47.020862
4.625000 47.044510
4.630000 47.090810
4.635000 47.147718
4.640000 47.198965
4.645000 47.210745
4.650000 47.296808
4.655000 47.366106
4.660000 47.445826
4.665000 47.501089
4.670000 47.505616
4.675000 47.596940
4.680000 47.681902
4.685000 47.732328
4.690000 47.750985
4.695000 47.809911
4.700000 47.884259
4.705000 47.953463
4.710000 47.971140
4.715000 48.054419
4.720000 48.132824
4.725000 48.182673
4.730000 48.193191
4.735000 48.270808
4.740000 48.281535
4.745000 48.364556
4.750000 48.403364
4.755000 48.441138
4.760000 48.514623
4.765000 48.586626
4.770000 48.635207
4.775000 48.730860
4.780000 48.777986
4.785000 48.824206
4.790000 48.841468
4.795000 48.864289
4.800000 48.908584
4.805000 48.984646
4.810000 49.059702
4.815000 49.120331
4.820000 49.211001
4.825000 49.298850
4.830000 49.380950
4.835000 49.435159
4.840000 49.528180
4.845000 49.530896
4.850000 49.586756
4.855000 49.625288
4.860000 49.723652
4.865000 49.735475
4.870000 49.741763
4.875000 49.815475
4.880000 49.901652
4.885000 49.972900
4.890000 50.042281
4.895000 50.118414
4.900000 50.198296
4.905000 50.277952
4.910000 50.352145
4.915000 50.405228
4.920000 50.473308
4.925000 50.489976
4.930000 50.542918
4.935000 50.635041
4.940000 50.636449
4.945000 50.705499
4.950000 50.739432
4.955000 50.744945
4.960000 50.795957
4.965000 50.855938
4.970000 50.866791
4.975000 50.869452
4.980000 50.895190
4.985000 50.964751
4.990000 50.975281
4.995000 51.049770
5.000000 51.093557
5.005000 51.128458
5.010000 51.211335
5.015000 51.308966
5.020000 51.400784
5.025000 51.480107
5.030000 51.570641
5.035000 51.667383
5.040000 51.714306
5.045000 51.755285
5.050000 51.791387
5.055000 51.847489
5.060000 51.853225
5.065000 51.856716
5.070000 51.940135
5.075000 51.963521
5.080000 52.002065
5.085000 52.010609
5.090000 52.109193
5.095000 52.123090
5.100000 52.183690
5.105000 52.193858
5.110000 52.279743
5.115000 52.346405
5.120000 52.438170
5.125000 52.526819
5.130000 52.564604
5.135000 52.602138
5.140000 52.637718
5.145000 52.729457
5.150000 52.790526
5.155000 52.871715
5.160000 52.921439
5.165000 52.940902
5.170000 52.947053
5.175000 53.023311
5.180000 53.097165
5.185000 53.159267
5.190000 53.206471
5.195000 53.261760
5.200000 53.315618
5.205000 53.407051
5.210000 53.507012
5.215000 53.562273
5.220000 53.626670
5.225000 53.657986
5.230000 53.676658
5.235000 53.698533
5.240000 53.753180
5.245000 53.798878
5.250000 53.851957
5.255000 53.942325
5.260000 53.967680
5.265000 54.013136
5.270000 54.084638
5.275000 54.127040
5.280000 54.162745
5.285000 54.171866
5.290000 54.258059
5.295000 54.303339
5.300000 54.323679
5.305000 54.389004
5.310000 54.398740
5.315000 54.437170
5.320000 54.526417
5.325000 54.594988
5.330000 54.664377
5.335000 54.697470
5.340000 54.794001
5.345000 54.889515
5.350000 54.983833
5.355000 54.990416
5.360000 55.028769
5.365000 55.034625
5.370000 55.055237
5.375000 55.072637
5.380000 55.127012
5.385000 55.206928
5.390000 55.240085
5.395000 55.321807
5.400000 55.323410
5.405000 55.367175
5.410000 55.421345
5.415000 55.459134
5.420000 55.473536
5.425000 55.520656
5.430000 55.565627
5.435000 55.604832
5.440000 55.612720
5.445000 55.691989
5.450000 55.764854
5.455000 55.808708
5.460000 55.862546
5.465000 55.916146
5.470000 55.982253
5.475000 56.029296
5.480000 56.093830
5.485000 56.101128
5.490000 56.171355
5.495000 56.174736
5.500000 56.190787
5.505000 56.263690
5.510000 56.350161
5.515000 56.366553
5.520000 56.368675
5.525000 56.430193
5.530000 56.468887
5.535000 56.497042
5.540000 56.500143
5.545000 56.509180
5.550000 56.597007
5.555000 56.598989
5.560000 56.620674
5.565000 56.669922
5.570000 56.686111
5.575000 56.776571
5.580000 56.830173
5.585000 56.927982
5.590000 56.995144
5.595000 57.090155
5.600000 57.151544
5.605000 57.202019
5.610000 57.243376
5.615000 57.323054
5.620000 57.373266
5.625000 57.385688
5.630000 57.462593
5.635000 57.516581
5.640000 57.577997
5.645000 57.608019
5.650000 57.677422
5.655000 57.737567
5.660000 57.803178
5.665000 57.815814
5.670000 57.900840
5.675000 57.924301
5.680000 57.931401
5.685000 57.958026
5.690000 57.958712
5.695000 57.980002
5.700000 57.996919
5.705000 58.032305
5.710000 58.057716
5.715000 58.141287
5.720000 58.221303
5.725000 58.251255
5.730000 58.343674
5.735000 58.430474
5.740000 58.478495
5.745000 58.573742
5.750000 58.592235
5.755000 58.600542
5.760000 58.608943
5.765000 58.707393
5.770000 58.759494
5.775000 58.820242
5.780000 58.910232
5.785000 58.975671
5.790000 59.015577
5.795000 59.103162
5.800000 59.148268
5.805000 59.155245
5.810000 59.205241
5.815000 59.284911
5.820000 59.303462
5.825000 59.395136
5.830000 59.450388
5.835000 59.470800
5.840000 59.548812
5.845000 59.594130
5.850000 59.646068
5.855000 59.668741
5.860000 59.734705
5.865000 59.789161
5.870000 59.833787
5.875000 59.871446
5.880000 59.897818
5.885000 59.928200
5.890000 59.959837
5.895000 59.993685
5.900000 60.065859
5.905000 60.096967
5.910000 60.135910
5.915000 60.152572
5.920000 60.191286
5.925000 60.249929
5.930000 60.264978
5.935000 60.297758
5.940000 60.334031
5.945000 60.364531
5.950000 60.385256
5.955000 60.411036
5.960000 60.487057
5.965000 60.566494
5.970000 60.664359
5.975000 60.696145
5.980000 60.718159
5.985000 60.802323
5.990000 60.857509
5.995000 60.859178
6.000000 60.915449
6.005000 60.955743
6.010000 60.981113
6.015000 61.077928
6.020000 61.135418
6.025000 61.178392
6.030000 61.234519
6.035000 61.275727
6.040000 61.352211
6.045000 61.424726
6.050000 61.475292
6.055000 61.535353
6.060000 61.583359
6.065000 61.619661
6.070000 61.652588
6.075000 61.752083
6.080000 61.770490
6.085000 61.825569
6.090000 61.850240
6.095000 61.883406
6.100000 61.919601
6.105000 61.948298
6.110000 61.952110
6.115000 62.013259
6.120000 62.044396
6.125000 62.065737
6.130000 62.155970
6.135000 62.193291
6.140000 62.245305
6.145000 62.254227
6.150000 62.305751
6.155000 62.359260
6.160000 62.381632
6.165000 62.402502
6.170000 62.455124
6.175000 62.478796
6.180000 62.536808
6.185000 62.544292
6.190000 62.617997
6.195000 62.686887
6.200000 62.719689
6.205000 62.812150
6.210000 62.911542
6.215000 62.988327
6.220000 63.023721
6.225000 63.082590
6.230000 63.101140
6.235000 63.165352
6.240000 63.180813
6.245000 63.233271
6.250000 63.299700
6.255000 63.371335
6.260000 63.439280
6.265000 63.491804
6.270000 63.557249
6.275000 63.596477
6.280000 63.690670
6.285000 63.696239
6.290000 63.794444
6.295000 63.833620
6.300000 63.858636
6.305000 63.906299
6.310000 63.966434
6.315000 63.968584
6.320000 63.996131
6.325000 64.083958
6.330000 64.086628
6.335000 64.170484
6.340000 64.237441
6.345000 64.268976
6.350000 64.289676
6.355000 64.289791
6.360000 64.322821
6.365000 64.362192
6.370000 64.367358
6.375000 64.388251
6.380000 64.448560
6.385000 64.546615
6.390000 64.568147
6.395000 64.657248
6.400000 64.668947
6.405000 64.706500
6.410000 64.754518
6.415000 64.792605
6.420000 64.824862
6.425000 64.869698
6.430000 64.926861
6.435000 64.959793
6.440000 65.043476
6.445000 65.113870
6.450000 65.115400
6.455000 65.139540
6.460000 65.149879
6.465000 65.230042
6.470000 65.317675
6.475000 65.369246
6.480000 65.421832
6.485000 65.444451
6.490000 65.497640
6.495000 65.549787
6.500000 65.581336
6.505000 65.625544
6.510000 65.721274
6.515000 65.757777
6.520000 65.765210
6.525000 65.796972
6.530000 65.819997
6.535000 65.894568
6.540000 65.914868
6.545000 65.986947
6.550000 66.016177
6.555000 66.095256
6.560000 66.181388
6.565000 66.187049
6.570000 66.245841
6.575000 66.251510
6.580000 66.333377
6.585000 66.375995
6.590000 66.456038
6.595000 66.538901
6.600000 66.609966
6.605000 66.701201
6.610000 66.786492
6.615000 66.868491
6.620000 66.933201
6.625000 67.008743
6.630000 67.050423
6.635000 67.063949
6.640000 67.100469
6.645000 67.188091
6.650000 67.251591
6.655000 67.298514
6.660000 67.322998
6.665000 67.330057
6.670000 67.372382
6.675000 67.427100
6.680000 67.470362
6.685000 67.475400
6.690000 67.547552
6.695000 67.610819
6.700000 67.634258
6.705000 67.674095
6.710000 67.719013
6.715000 67.757668
6.720000 67.825272
6.725000 67.846976
6.730000 67.937897
6.735000 68.033534
6.740000 68.107742
6.745000 68.120829
6.750000 68.171537
6.755000 68.230417
6.760000 68.328717
6.765000 68.347617
6.770000 68.401634
6.775000 68.463402
6.780000 68.501526
6.785000 68.552585
6.790000 68.603640
6.795000 68.677889
6.800000 68.679746
6.805000 68.697653
6.810000 68.760760
6.815000 68.806030
6.820000 68.851533
6.825000 68.915285
6.830000 69.004366
6.835000 69.082309
6.840000 69.164578
6.845000 69.172510
6.850000 69.183992
6.855000 69.250856
6.860000 69.337399
6.865000 69.367494
6.870000 69.378802
6.875000 69.431399
6.880000 69.436307
6.885000 69.515042
6.890000 69.524112
6.895000 69.551073
6.900000 69.596668
6.905000 69.602182
6.910000 69.683068
6.915000 69.735941
6.920000 69.767869
6.925000 69.783949
6.930000 69.835508
6.935000 69.894179
6.940000 69.978714
6.945000 70.047714
6.950000 70.133812
6.955000 70.184966
6.960000 70.233622
6.965000 70.295488
6.970000 70.365128
6.975000 70.409655
6.980000 70.468595
6.985000 70.483945
6.990000 70.575183
6.995000 70.600908
7.000000 70.672890
7.005000 70.772497
7.010000 70.863946
7.015000 70.947558
7.020000 71.013721
7.025000 71.106250
7.030000 71.148432
7.035000 71.196813
7.040000 71.234582
7.045000 71.322550
7.050000 71.394295
7.055000 71.419080
7.060000 71.490607
7.065000 71.543407
7.070000 71.544494
7.075000 71.609939
7.080000 71.645885
7.085000 71.686283
7.090000 71.766541
7.095000 71.852746
7.100000 71.902619
7.105000 71.918048
7.110000 71.939903
7.115000 71.952063
7.120000 72.025229
7.125000 72.036046
7.130000 72.121451
7.135000 72.132837
7.140000 72.192923
7.145000 72.263793
7.150000 72.278865
7.155000 72.296274
7.160000 72.383452
7.165000 72.388633
7.170000 72.461822
7.175000 72.540037
7.180000 72.609062
7.185000 72.705572
7.190000 72.745721
7.195000 72.835231
7.200000 72.926554
7.205000 72.997017
7.210000 73.073691
7.215000 73.133488
7.220000 73.143045
7.225000 73.166086
7.230000 73.213398
7.235000 73.280922
7.240000 73.367314
7.245000 73.449127
7.250000 73.480386
7.255000 73.553306
7.260000 73.612093
7.265000 73.659516
7.270000 73.697703
7.275000 73.698832
7.280000 73.766998
7.285000 73.836249
7.290000 73.847362
7.295000 73.918450
7.300000 73.988858
7.305000 74.043216
7.310000 74.142987
7.315000 74.181018
7.320000 74.270232
7.325000 74.290363
7.330000 74.330864
7.335000 74.340960
7.340000 74.416711
7.345000 74.468572
7.350000 74.500845
7.355000 74.513607
7.360000 74.595948
7.365000 74.694798
7.370000 74.769503
7.375000 74.833671
7.380000 74.918299
7.385000 74.953716
7.390000 75.015114
7.395000 75.024645
7.400000 75.108470
7.405000 75.155111
7.410000 75.251954
7.415000 75.292942
7.420000 75.377391
7.425000 75.419114
7.430000 75.448171
7.435000 75.519049
7.440000 75.552176
7.445000 75.625042
7.450000 75.689582
7.455000 75.710948
7.460000 75.804976
7.465000 75.829246
7.470000 75.833375
7.475000 75.928933
7.480000 75.979857
7.485000 76.057417
7.490000 76.109128
7.495000 76.111972
7.500000 76.119216
7.505000 76.175100
7.510000 76.215999
7.515000 76.295666
7.520000 76.361632
7.525000 76.450907
7.530000 76.493999
7.535000 76.544175
7.540000 76.559119
7.545000 76.617664
7.550000 76.676825
7.555000 76.707466
7.560000 76.780879
7.565000 76.833767
7.570000 76.927935
7.575000 77.006990
7.580000 77.077201
7.585000 77.117572
7.590000 77.140484
7.595000 77.218732
7.600000 77.238195
7.605000 77.245190
7.610000 77.314376
7.615000 77.318044
7.620000 77.368495
7.625000 77.401284
7.630000 77.482270
7.635000 77.512242
7.640000 77.553177
7.645000 77.649221
7.650000 77.657845
7.655000 77.702117
7.660000 77.778459
7.665000 77.858292
7.670000 77.910497
7.675000 77.933654
7.680000 77.934004
7.685000 78.004101
7.690000 78.025104
7.695000 78.121008
7.700000 78.178741
7.705000 78.196980
7.710000 78.242157
7.715000 78.328442
7.720000 78.331660
7.725000 78.419261
7.730000 78.420156
7.735000 78.463508
7.740000 78.486689
7.745000 78.582756
7.750000 78.679651
7.755000 78.692515
7.760000 78.702254
7.765000 78.790322
7.770000 78.844836
7.775000 78.864602
7.780000 78.876589
7.785000 78.932609
7.790000 78.955883
7.795000 79.027170
7.800000 79.053069
7.805000 79.129176
7.810000 79.163753
7.815000 79.193185
7.820000 79.260195
7.825000 79.292206
7.830000 79.316735
7.835000 79.371724
7.840000 79.375388
7.845000 79.454964
7.850000 79.481543
7.855000 79.500731
7.860000 79.595109
7.865000 79.595942
7.870000 79.597594
7.875000 79.670174
7.880000 79.715570
7.885000 79.783661
7.890000 79.784628
7.895000 79.842020
7.900000 79.930511
7.905000 80.008686
7.910000 80.093750
7.915000 80.166186
7.920000 80.197140
7.925000 80.226050
7.930000 80.229515
7.935000 80.262559
7.940000 80.325541
7.945000 80.375775
7.950000 80.449692
7.955000 80.478109
7.960000 80.488566
7.965000 80.524386
7.970000 80.553443
7.975000 80.616287
7.980000 80.639029
7.985000 80.658592
7.990000 80.664637
7.995000 80.753710
8.000000 80.808029
8.005000 80.845705
8.010000 80.863088
8.015000 80.928816
8.020000 81.010951
8.025000 81.061979
8.030000 81.084726
8.035000 81.084739
8.040000 81.107169
8.045000 81.190031
8.050000 81.246651
8.055000 81.258590
8.060000 81.323138
8.065000 81.374588
8.070000 81.410808
8.075000 81.453380
8.080000 81.464812
8.085000 81.497730
8.090000 81.556874
8.095000 81.581818
8.100000 81.615534
8.105000 81.675658
8.110000 81.687403
8.115000 81.784718
8.120000 81.852903
8.125000 81.939974
8.130000 81.942818
8.135000 82.039313
8.140000 82.041199
8.145000 82.133748
8.150000 82.203324
8.155000 82.266766
8.160000 82.337494
8.165000 82.369511
8.170000 82.466885
8.175000 82.536145
8.180000 82.587466
8.185000 82.644875
8.190000 82.709070
8.195000 82.734676
8.200000 82.806228
8.205000 82.876186
8.210000 82.964995
8.215000 82.978643
8.220000 83.046325
8.225000 83.086182
8.230000 83.163301
8.235000 83.207527
8.240000 83.300879
8.245000 83.369543
8.250000 83.411729
8.255000 83.436573
8.260000 83.485379
8.265000 83.561784
8.270000 83.599453
8.275000 83.606871
8.280000 83.687753
8.285000 83.761748
8.290000 83.803232
8.295000 83.826633
8.300000 83.918703
8.305000 83.936048
8.310000 83.962319
8.315000 83.996859
8.320000 84.012795
8.325000 84.043052
8.330000 84.082826
8.335000 84.157353
8.340000 84.241030
8.345000 84.284412
8.350000 84.311794
8.355000 84.319401
8.360000 84.380210
8.365000 84.393983
8.370000 84.480565
8.375000 84.563878
8.380000 84.592520
8.385000 84.685487
8.390000 84.781545
8.395000 84.831877
8.400000 84.862891
8.405000 84.902882
8.410000 84.941659
8.415000 84.970672
8.420000 84.985548
8.425000 85.002415
8.430000 85.094655
8.435000 85.169997
8.440000 85.234360
8.445000 85.293554
8.450000 85.363145
8.455000 85.375878
8.460000 85.380311
8.465000 85.381973
8.470000 85.424405
8.475000 85.468648
8.480000 85.561243
8.485000 85.616699
8.490000 85.655061
8.495000 85.705294
8.500000 85.769252
8.505000 85.815834
8.510000 85.818517
8.515000 85.822045
8.520000 85.904792
8.525000 85.942072
8.530000 86.000539
8.535000 86.064751
8.540000 86.066119
8.545000 86.158482
8.550000 86.206407
8.555000 86.286750
8.560000 86.300730
8.565000 86.373447
8.570000 86.425652
8.575000 86.433184
8.580000 86.518339
8.585000 86.522410
8.590000 86.548425
8.595000 86.574539
8.600000 86.580257
8.605000 86.673919
8.610000 86.765689
8.615000 86.836700
8.620000 86.925552
8.625000 86.951255
8.630000 87.037363
8.635000 87.058402
8.640000 87.158364
8.645000 87.218276
8.650000 87.268735
8.655000 87.331854
8.660000 87.372165
8.665000 87.470886
8.670000 87.474873
8.675000 87.483891
8.680000 87.554157
8.685000 87.618309
8.690000 87.625122
8.695000 87.724212
8.700000 87.736806
8.705000 87.805009
8.710000 87.890378
8.715000 87.977094
8.720000 88.017082
8.725000 88.093556
8.730000 88.189698
8.735000 88.257286
8.740000 88.298048
8.745000 88.390141
8.750000 88.397088
8.755000 88.453375
8.760000 88.474217
8.765000 88.568910
8.770000 88.571906
8.775000 88.631351
8.780000 88.715100
8.785000 88.791701
8.790000 88.817744
8.795000 88.818301
8.800000 88.889428
8.805000 88.908888
8.810000 88.976170
8.815000 88.983157
8.820000 89.018739
8.825000 89.040825
8.830000 89.052821
8.835000 89.069208
8.840000 89.080684
8.845000 89.158386
8.850000 89.200678
8.855000 89.297140
8.860000 89.336820
8.865000 89.338665
8.870000 89.351043
8.875000 89.373988
8.880000 89.416770
8.885000 89.459429
8.890000 89.516206
8.895000 89.574303
8.900000 89.604170
8.905000 89.684337
8.910000 89.753496
8.915000 89.807898
8.920000 89.850005
8.925000 89.939318
8.930000 90.022266
8.935000 90.028465
8.940000 90.114372
8.945000 90.156563
8.950000 90.247093
8.955000 90.292555
8.960000 90.364429
8.965000 90.452655
8.970000 90.475497
8.975000 90.480829
8.980000 90.500289
8.985000 90.553342
8.990000 90.611476
8.995000 90.681022
9.000000 90.731304
9.005000 90.819185
9.010000 90.845875
9.015000 90.925535
9.020000 90.959295
9.025000 90.972791
9.030000 91.004099
9.035000 91.098652
9.040000 91.149591
9.045000 91.183873
9.050000 91.251264
9.055000 91.295448
9.060000 91.390184
9.065000 91.430267
9.070000 91.492291
9.075000 91.534164
9.080000 91.588459
9.085000 91.626368
9.090000 91.659302
9.095000 91.682974
9.100000 91.745696
9.105000 91.812620
9.110000 91.909609
9.115000 91.994148
9.120000 92.046273
9.125000 92.108373
9.130000 92.119214
9.135000 92.136787
9.140000 92.172757
9.145000 92.229811
9.150000 92.239911
9.155000 92.288896
9.160000 92.379303
9.165000 92.437257
9.170000 92.476898
9.175000 92.522109
9.180000 92.587754
9.185000 92.673046
9.190000 92.678030
9.195000 92.742916
9.200000 92.780168
9.205000 92.785555
9.210000 92.829905
9.215000 92.905763
9.220000 92.954014
9.225000 93.007414
9.230000 93.012021
9.235000 93.042602
9.240000 93.118563
9.245000 93.182889
9.250000 93.216635
9.255000 93.291272
9.260000 93.302439
9.265000 93.398119
9.270000 93.492897
9.275000 93.524370
9.280000 93.579290
9.285000 93.626491
9.290000 93.637956
9.295000 93.719661
9.300000 93.747971
9.305000 93.844789
9.310000 93.863350
9.315000 93.921992
9.320000 94.017570
9.325000 94.097487
9.330000 94.163278
9.335000 94.218116
9.340000 94.267231
9.345000 94.344450
9.350000 94.378170
9.355000 94.410078
9.360000 94.486416
9.365000 94.495746
9.370000 94.502941
9.375000 94.531114
9.380000 94.627615
9.385000 94.717330
9.390000 94.766399
9.395000 94.865582
9.400000 94.938400
9.405000 94.982897
9.410000 95.040590
9.415000 95.086760
9.420000 95.179532
9.425000 95.198909
9.430000 95.260403
9.435000 95.299963
9.440000 95.371922
9.445000 95.385877
9.450000 95.434431
9.455000 95.485747
9.460000 95.553874
9.465000 95.561290
9.470000 95.592502
9.475000 95.675079
9.480000 95.742946
9.485000 95.789149
9.490000 95.827223
9.495000 95.841989
9.500000 95.904307
9.505000 95.991808
9.510000 96.021034
9.515000 96.116297
9.520000 96.198486
9.525000 96.248950
9.530000 96.294153
9.535000 96.329093
9.540000 96.367554
9.545000 96.385855
9.550000 96.464213
9.555000 96.522217
9.560000 96.599713
9.565000 96.675449
9.570000 96.771103
9.575000 96.829728
9.580000 96.844420
9.585000 96.872582
9.590000 96.890042
9.595000 96.929239
9.600000 97.022034
9.605000 97.119744
9.610000 97.136301
9.615000 97.217180
9.620000 97.249302
9.625000 97.311004
9.630000 97.343689
9.635000 97.374093
9.640000 97.473611
9.645000 97.480651
9.650000 97.507677
9.655000 97.525832
9.660000 97.548599
9.665000 97.607502
9.670000 97.692515
9.675000 97.790834
9.680000 97.837228
9.685000 97.889990
9.690000 97.956465
9.695000 98.009360
9.700000 98.105468
9.705000 98.203675
9.710000 98.259889
9.715000 98.355824
9.720000 98.431833
9.725000 98.519171
9.730000 98.608873
9.735000 98.632465
9.740000 98.641126
9.745000 98.700172
9.750000 98.780233
9.755000 98.867092
9.760000 98.921001
9.765000 98.963084
9.770000 99.057854
9.775000 99.157827
9.780000 99.188523
9.785000 99.203980
9.790000 99.284197
9.795000 99.304227
9.800000 99.336496
9.805000 99.380263
9.810000 99.478078
9.815000 99.562650
9.820000 99.661252
9.825000 99.662563
9.830000 99.690587
9.835000 99.699486
9.840000 99.761086
9.845000 99.765221
9.850000 99.770353
9.855000 99.816080
9.860000 99.845953
9.865000 99.928836
9.870000 99.939388
9.875000 99.984720
9.880000 99.988753
9.885000 100.075120
9.890000 100.144117
9.895000 100.177973
9.900000 100.188084
9.905000 100.220093
9.910000 100.300598
9.915000 100.342375
9.920000 100.390541
9.925000 100.417259
9.930000 100.474852
9.935000 100.526721
9.940000 100.590427
9.945000 100.609342
9.950000 100.700782
9.955000 100.732352
9.960000 100.740212
9.965000 100.839268
9.970000 100.877067
9.975000 100.962880
9.980000 101.024328
9.985000 101.085946
9.990000 101.088610
9.995000 101.157978
