1 1.000000
2 1.000000
3 0.996000
4 0.994000
5 0.986000
6 0.977000
7 0.968000
8 0.936000
9 0.932000
10 0.920000
11 0.903000
12 0.863000
13 0.860000
14 0.814000
15 0.781000
16 0.757000
17 0.725000
18 0.714000
19 0.687000
20 0.637000
21 0.643000
22 0.588000
23 0.525000
24 0.506000
25 0.540000
26 0.470000
27 0.448000
28 0.400000
29 0.413000
30 0.345000
31 0.325000
32 0.286000
33 0.273000
34 0.242000
35 0.219000
36 0.227000
37 0.186000
38 0.203000
39 0.142000
40 0.184000
41 0.162000
42 0.127000
43 0.139000
44 0.128000
45 0.116000
46 0.102000
47 0.076000
48 0.082000
49 0.086000
50 0.077000
51 0.054000
52 0.058000
53 0.065000
54 0.033000
55 0.047000
56 0.017000
57 0.024000
58 0.033000
59 0.008000
60 0.030000
61 0.023000
62 0.021000
63 0.010000
64 0.012000
65 0.019000
66 0.008000
67 0.007000
68 0.008000
69 0.005000
70 0.011000
71 0.011000
72 0.008000
73 0.002000
74 0.007000
75 0.002000
76 0.003000
77 0.005000
78 0.003000
79 0.004000
80 0.004000
81 0.001000
82 0.001000
83 0.001000
84 0.000000
85 0.002000
86 0.002000
87 0.001000
88 0.001000
89 0.000000
90 0.001000
91 0.000000
92 0.000000
93 0.000000
94 0.000000
95 0.000000
96 0.000000
97 0.000000
98 0.001000
99 0.000000
100 0.000000
