-4.950000e+00  1.049000e-02 
-4.850000e+00  1.056000e-02 
-4.750000e+00  1.094000e-02 
-4.650000e+00  1.221000e-02 
-4.550000e+00  1.311000e-02 
-4.450000e+00  1.428000e-02 
-4.350000e+00  1.494000e-02 
-4.250000e+00  1.537000e-02 
-4.150000e+00  1.617000e-02 
-4.050000e+00  1.709000e-02 
-3.950000e+00  1.934000e-02 
-3.850000e+00  2.018000e-02 
-3.750000e+00  2.145000e-02 
-3.650000e+00  2.170000e-02 
-3.550000e+00  2.345000e-02 
-3.450000e+00  2.596000e-02 
-3.350000e+00  2.650000e-02 
-3.250000e+00  2.868000e-02 
-3.150000e+00  3.050000e-02 
-3.050000e+00  3.363000e-02 
-2.950000e+00  3.559000e-02 
-2.850000e+00  3.809000e-02 
-2.750000e+00  4.035000e-02 
-2.650000e+00  4.297000e-02 
-2.550000e+00  4.571000e-02 
-2.450000e+00  4.851000e-02 
-2.350000e+00  5.218000e-02 
-2.250000e+00  5.695000e-02 
-2.150000e+00  6.009000e-02 
-2.050000e+00  6.505000e-02 
-1.950000e+00  7.073000e-02 
-1.850000e+00  7.418000e-02 
-1.750000e+00  8.029000e-02 
-1.650000e+00  8.797000e-02 
-1.550000e+00  9.423000e-02 
-1.450000e+00  1.002100e-01 
-1.350000e+00  1.086800e-01 
-1.250000e+00  1.167100e-01 
-1.150000e+00  1.298900e-01 
-1.050000e+00  1.390100e-01 
-9.500000e-01  1.531800e-01 
-8.500000e-01  1.686900e-01 
-7.500000e-01  1.893500e-01 
-6.500000e-01  2.098500e-01 
-5.500000e-01  2.322900e-01 
-4.500000e-01  2.590000e-01 
-3.500000e-01  2.992600e-01 
-2.500000e-01  3.522300e-01 
-1.500000e-01  4.349400e-01 
-5.000000e-02  6.541600e-01 
 5.000000e-02  6.559100e-01 
 1.500000e-01  4.343800e-01 
 2.500000e-01  3.540000e-01 
 3.500000e-01  3.003600e-01 
 4.500000e-01  2.603300e-01 
 5.500000e-01  2.316700e-01 
 6.500000e-01  2.066000e-01 
 7.500000e-01  1.848300e-01 
 8.500000e-01  1.683500e-01 
 9.500000e-01  1.550800e-01 
 1.050000e+00  1.420100e-01 
 1.150000e+00  1.286300e-01 
 1.250000e+00  1.190300e-01 
 1.350000e+00  1.089600e-01 
 1.450000e+00  1.017900e-01 
 1.550000e+00  9.264000e-02 
 1.650000e+00  8.718000e-02 
 1.750000e+00  7.949000e-02 
 1.850000e+00  7.368000e-02 
 1.950000e+00  7.024000e-02 
 2.050000e+00  6.639000e-02 
 2.150000e+00  5.959000e-02 
 2.250000e+00  5.655000e-02 
 2.350000e+00  5.308000e-02 
 2.450000e+00  4.871000e-02 
 2.550000e+00  4.624000e-02 
 2.650000e+00  4.295000e-02 
 2.750000e+00  3.999000e-02 
 2.850000e+00  3.834000e-02 
 2.950000e+00  3.502000e-02 
 3.050000e+00  3.326000e-02 
 3.150000e+00  3.096000e-02 
 3.250000e+00  2.924000e-02 
 3.350000e+00  2.709000e-02 
 3.450000e+00  2.543000e-02 
 3.550000e+00  2.398000e-02 
 3.650000e+00  2.284000e-02 
 3.750000e+00  2.059000e-02 
 3.850000e+00  2.033000e-02 
 3.950000e+00  1.818000e-02 
 4.050000e+00  1.770000e-02 
 4.150000e+00  1.527000e-02 
 4.250000e+00  1.539000e-02 
 4.350000e+00  1.465000e-02 
 4.450000e+00  1.401000e-02 
 4.550000e+00  1.285000e-02 
 4.650000e+00  1.196000e-02 
 4.750000e+00  1.165000e-02 
 4.850000e+00  1.093000e-02 
 4.950000e+00  9.800000e-03 
