0.327896 -1.141072
-1.131616 0.063284
2.047157 0.877395
-0.415642 0.857781
0.478916 -0.099161
-0.106495 1.673953
-0.627043 -0.306785
1.694089 -1.417196
0.510546 -2.643593
0.688702 -0.098324
-0.032000 0.537833
2.639647 -0.409306
-1.156349 -0.671695
-0.369773 0.356559
-0.347855 -0.154222
-0.424736 -0.299522
1.713849 -0.173375
-0.090047 0.785555
1.509600 0.715343
0.606089 -0.628874
0.061084 0.659734
1.237525 1.427013
0.128172 -0.034173
0.721668 -0.803727
-0.003171 0.344025
-0.604982 -0.487752
-0.251482 1.296279
-0.142126 -1.941802
0.461435 1.552500
-0.284280 1.451305
-0.974809 0.059106
-1.769137 -0.480961
0.617110 -1.277375
0.996786 2.218618
0.509191 0.925717
-1.016116 2.001280
2.128368 -1.000051
-1.204415 -0.624268
0.329438 0.703494
-1.552688 0.736237
-1.817676 -0.324923
-0.792317 1.657645
-0.409733 0.980742
0.496675 0.768233
0.909000 -0.179943
0.840890 -0.403204
0.369861 -1.218787
-1.332431 -1.226090
0.113637 -0.988078
-0.908844 1.145341
-0.714192 -0.107966
-0.312515 -1.040917
-0.200128 -0.991657
-0.757751 0.837990
-0.151986 0.848362
0.678378 1.630850
-1.077106 0.678461
-1.262530 1.503493
-1.297079 2.108313
-1.222777 0.828544
1.357463 1.174415
0.132660 0.605356
-0.074926 -1.048973
0.542594 0.192369
-0.336210 -0.002382
-1.941820 1.033738
-0.643577 -1.700373
0.031546 0.321527
-0.205140 1.810331
-0.957245 -0.597466
0.585837 -0.050769
-0.616536 0.781420
-0.942763 -0.476780
-0.469791 -0.441787
1.321229 1.171387
0.990686 -2.159158
2.057299 1.036223
0.269001 -0.661662
0.115329 2.242145
0.241432 0.871135
-0.805210 0.482905
-1.147818 -1.010754
0.181448 -1.161061
-1.328405 -1.827708
0.945154 0.190252
0.235105 0.088656
-0.692283 1.180769
-0.031656 -0.212029
-2.673833 0.386446
-0.164303 -0.997144
2.008983 1.043801
-0.978029 1.405194
-0.161511 -2.338611
0.171460 0.478829
-0.140323 -0.082931
-0.542385 0.543815
-1.615555 -1.115454
1.569002 1.168561
0.061316 -0.663929
1.703563 1.118804
