9.218337 -1.651720
-4.169265 -1.846661
4.727851 7.370905
-1.809541 -1.919481
2.513559 -1.415948
-4.946191 -2.422369
-4.116702 0.105650
1.210381 2.121822
4.875581 -2.320779
3.347778 -5.189997
1.948177 1.196676
-0.155868 0.524818
-2.482382 0.571938
6.219516 0.551571
-4.143746 0.717018
1.447381 -0.299599
-4.588522 -1.874678
-0.244745 2.932148
0.143463 -1.479755
2.828629 -1.959627
4.514753 4.839168
2.900571 -2.265613
4.437260 2.970335
0.797365 -1.374249
0.481945 -3.984112
2.577591 0.313457
3.197146 -3.199603
-1.276068 3.775654
-0.874480 2.476574
5.088692 1.312113
2.742343 0.792159
-2.328960 -4.604943
-2.059745 0.042786
10.447804 4.832188
3.511603 -6.217216
-0.147661 1.823142
3.932320 -4.329567
-2.461685 -1.641769
4.875005 7.726426
4.145034 0.939666
-1.442291 1.371626
-0.249116 2.098687
-1.962122 -1.415289
3.592086 0.653077
2.394670 -0.533518
0.896950 -3.903017
-5.367269 0.812694
-7.047594 -5.633226
-0.563466 -0.530491
2.927631 2.481362
5.102009 -0.084577
-1.747398 -2.714880
3.525832 -7.742320
-3.780317 1.520984
-2.900258 -1.040916
4.193044 4.254612
0.229496 3.317424
-2.076742 -0.252853
-3.250746 0.030016
0.656882 1.454323
4.154286 5.770707
-1.046290 0.331305
-2.430396 -2.506022
5.488485 2.897168
-4.583715 2.053335
-1.946244 0.405445
1.540197 1.842373
8.675838 4.235480
-1.254052 3.679284
2.437899 5.269465
1.168894 -0.552077
4.792399 0.311841
3.591287 1.888010
-3.913400 1.261835
2.940921 3.084893
-2.784636 -1.147485
9.642154 1.028424
-1.176763 -0.044248
2.399202 1.668173
0.461026 4.387727
-0.779635 2.530922
3.723288 2.347241
-2.961153 -0.646739
-0.771558 -2.257021
2.639095 4.951973
3.091812 6.058807
-2.993733 2.655087
-1.496216 -0.651328
0.105178 1.088218
0.858364 -1.562245
0.167429 -1.973050
4.126036 -2.219233
-3.957616 0.882493
-2.614261 6.961238
-0.225841 4.968231
-1.455270 -1.219602
-5.679494 -1.733234
4.238461 2.022800
0.981768 0.313084
0.969783 3.023709
